chr	coord	gene_name	refseqID	rel_location	utr5_st	utr5_end	cds_st	cds_end	utr3_st	utr3_end	utr5_size	cds_size	utr3_size
chr1	981181	AGRN	ENST00000379370.2	1.42440534376018	2654	2605	2604	-3533	-3534	-4668	49	6137	1134
chr1	6282924	ICMT	ENST00000343813.5	2.57010547980448	3099	3071	3070	2216	2215	-1671	28	854	3886
chr1	6683668	PHF13	ENST00000377648.4	2.82262103505843	3255	2874	2873	1971	1970	-425	381	902	2395
chr1	25169225	CLIC4	ENST00000374379.4	2.53055801594331	2755	2559	2558	1797	1796	-1590	196	761	3386
chr1	25683294	TMEM50A	ENST00000374358.4	1.79746835443038	930	378	377	-96	-97	-1752	552	473	1655
chr1	33480153	AK2	ENST00000354858.6	1.65	631	468	467	-252	-253	-389	163	719	136
chr1	33480153	AK2	ENST00000373449.2	1.66952789699571	509	468	467	-231	-232	-3076	41	698	2844
chr1	33480153	AK2	ENST00000467905.1	1.66952789699571	525	468	467	-231	-232	-354	57	698	122
chr1	33480153	AK2	ENST00000480134.1	1.92786069651741	421	373	372	-29	-30	-389	48	401	359
chr1	33480153	AK2	ENST00000548033.1	1.59685863874346	353	342	341	-231	-232	-582	11	572	350
chr1	33480154	AK2	ENST00000354858.6	1.64861111111111	630	467	466	-253	-254	-390	163	719	136
chr1	33480154	AK2	ENST00000373449.2	1.66809728183119	508	467	466	-232	-233	-3077	41	698	2844
chr1	33480154	AK2	ENST00000467905.1	1.66809728183119	524	467	466	-232	-233	-355	57	698	122
chr1	33480154	AK2	ENST00000480134.1	1.92537313432836	420	372	371	-30	-31	-390	48	401	359
chr1	33480154	AK2	ENST00000548033.1	1.59511343804538	352	341	340	-232	-233	-583	11	572	350
chr1	35649694	SFPQ	ENST00000357214.5	2.23818897637795	2585	2487	2486	363	362	-1161	98	2123	1523
chr1	36068933	PSMB2	ENST00000373237.3	1.89273927392739	952	541	540	-65	-66	-1748	411	605	1682
chr1	40030820	PABPC4	ENST00000372856.3	1.63449367088608	2002	1203	1202	-693	-694	-1013	799	1895	319
chr1	40030820	PABPC4	ENST00000372857.3	1.62170542635659	1995	1203	1202	-732	-733	-1052	792	1934	319
chr1	40030820	PABPC4	ENST00000372858.3	1.60665658093797	1652	1203	1202	-780	-781	-1100	449	1982	319
chr1	40030820	PABPC4	ENST00000372862.3	1.65097402597403	1504	1203	1202	-645	-646	-965	301	1847	319
chr1	43167955	YBX1	ENST00000321358.7	2.8375	1448	1310	1309	335	334	-65	138	974	399
chr1	43392397	SLC2A1	ENST00000426263.3	2.18975903614458	1972	1794	1793	315	314	-1345	178	1478	1659
chr1	43392398	SLC2A1	ENST00000426263.3	2.18915662650602	1971	1793	1792	314	313	-1346	178	1478	1659
chr1	44072026	PTPRF	ENST00000359947.4	1.62875611460517	3938	3599	3598	-2125	-2126	-3788	339	5723	1662
chr1	44072026	PTPRF	ENST00000372413.3	1.62699666491136	3617	3572	3571	-2125	-2126	-3794	45	5696	1668
chr1	44072026	PTPRF	ENST00000372414.3	1.62875611460517	3644	3599	3598	-2125	-2126	-3794	45	5723	1668
chr1	44072026	PTPRF	ENST00000422171.2	1.43225466982373	1838	1643	1642	-2158	-2159	-2997	195	3800	838
chr1	44072026	PTPRF	ENST00000438120.1	1.62699666491136	3897	3572	3571	-2125	-2126	-2479	325	5696	353
chr1	53493672	SCP2	ENST00000371509.4	1.75066137566138	1245	1135	1134	-377	-378	-643	110	1511	265
chr1	53493672	SCP2	ENST00000371514.3	1.77068126520681	1434	1267	1266	-377	-378	-1376	167	1643	998
chr1	53493672	SCP2	ENST00000407246.2	1.76017811704835	1305	1195	1194	-377	-378	-933	110	1571	555
chr1	53493672	SCP2	ENST00000408941.3	1.30555555555556	137	55	54	-125	-126	-1160	82	179	1034
chr1	53493672	SCP2	ENST00000430330.2	1.10874704491726	138	46	45	-377	-378	-799	92	422	421
chr1	53493672	SCP2	ENST00000435345.2	1.12731481481481	107	55	54	-377	-378	-786	52	431	408
chr1	53493672	SCP2	ENST00000488965.1	1.30555555555556	101	55	54	-125	-126	-3824	46	179	3698
chr1	53493672	SCP2	ENST00000528311.1	1.73090649536046	1319	1024	1023	-377	-378	-576	295	1400	198
chr1	53516453	SCP2	ENST00000371509.4	2.28947368421053	1699	1589	1588	77	76	-189	110	1511	265
chr1	53516453	SCP2	ENST00000371514.3	2.07707707707708	1888	1721	1720	77	76	-922	167	1643	998
chr1	53516453	SCP2	ENST00000407246.2	2.13848920863309	1759	1649	1648	77	76	-479	110	1571	555
chr1	53516453	SCP2	ENST00000408941.3	2.19227053140097	461	379	378	199	198	-836	82	179	1034
chr1	53516453	SCP2	ENST00000430330.2	2.1824644549763	592	500	499	77	76	-345	92	422	421
chr1	53516453	SCP2	ENST00000435345.2	2.18826405867971	561	509	508	77	76	-332	52	431	408
chr1	53516453	SCP2	ENST00000488965.1	2.77588537442552	3096	3050	3049	2870	2869	-829	46	179	3698
chr1	53516453	SCP2	ENST00000528311.1	2.38693467336683	1773	1478	1477	77	76	-122	295	1400	198
chr1	55315669	DHCR24	ENST00000371269.3	2.86038461538462	3886	3788	3787	2237	2236	-363	98	1550	2599
chr1	78426153	FUBP1	ENST00000370767.1	1.69715447154472	1459	1372	1371	-596	-597	-1064	87	1967	467
chr1	78426153	FUBP1	ENST00000370768.2	1.70904392764858	1453	1372	1371	-563	-564	-924	81	1934	360
chr1	78426153	FUBP1	ENST00000436586.2	1.71821821821822	1491	1435	1434	-563	-564	-646	56	1997	82
chr1	89300165	PKN2	ENST00000370521.3	2.36836480228001	4347	3989	3988	1034	1033	-1773	358	2954	2806
chr1	94964343	ABCD3	ENST00000370214.4	1.74191919191919	1492	1469	1468	-511	-512	-2045	23	1979	1533
chr1	94964343	ABCD3	ENST00000394233.2	1.69030303030303	1240	1139	1138	-511	-512	-2045	101	1649	1533
chr1	94964343	ABCD3	ENST00000454898.2	1.7509746588694	1606	1541	1540	-511	-512	-662	65	2051	150
chr1	94964343	ABCD3	ENST00000536817.1	1.70982396365701	1495	1250	1249	-511	-512	-984	245	1760	472
chr1	100756967	RTCA	ENST00000260563.4	1.91842105263158	1173	1047	1046	-93	-94	-360	126	1139	266
chr1	100756967	RTCA	ENST00000370128.4	1.91553133514986	1176	1008	1007	-93	-94	-1358	168	1100	1264
chr1	113213328	CAPZA1	ENST00000263168.3	2.38601210490921	2106	1435	1434	574	573	-913	671	860	1486
chr1	113455393	SLC16A1	ENST00000369626.3	2.54794520547945	2985	2623	2622	1120	1119	-924	362	1502	2043
chr1	113455393	SLC16A1	ENST00000538576.1	2.54928886709171	3454	2623	2622	1120	1119	-919	831	1502	2038
chr1	150191135	ANP32E	ENST00000314136.8	2.81634446397188	3034	2665	2664	1858	1857	-418	369	806	2275
chr1	150191135	ANP32E	ENST00000369116.4	2.87148217636023	2594	2269	2268	1858	1857	-274	325	410	2131
chr1	150191135	ANP32E	ENST00000369119.3	2.86903648269411	2710	2521	2520	1858	1857	-280	189	662	2137
chr1	150547166	MCL1	ENST00000369026.2	2.95246541326712	3797	3738	3737	2685	2684	-134	59	1052	2818
chr1	150547590	MCL1	ENST00000369026.2	2.80205746718695	3373	3314	3313	2261	2260	-558	59	1052	2818
chr1	150549538	MCL1	ENST00000369026.2	2.11103228095069	1425	1366	1365	313	312	-2506	59	1052	2818
chr1	154232427	UBAP2L	ENST00000271877.7	1.78251467408094	2632	2533	2532	-704	-705	-794	99	3236	89
chr1	154232427	UBAP2L	ENST00000343815.6	1.84688346883469	2605	2500	2499	-452	-453	-805	105	2951	352
chr1	154232427	UBAP2L	ENST00000361546.2	1.76593137254902	2541	2500	2499	-764	-765	-1322	41	3263	557
chr1	154232427	UBAP2L	ENST00000428931.1	1.76593137254902	2666	2500	2499	-764	-765	-1321	166	3263	556
chr1	154235783	UBAP2L	ENST00000343815.6	2.43909348441926	3212	3107	3106	155	154	-198	105	2951	352
chr1	155106208	EFNA1	ENST00000368406.2	1.70833333333333	492	391	390	-161	-162	-951	101	551	789
chr1	155106208	EFNA1	ENST00000368407.3	1.73948220064725	974	457	456	-161	-162	-951	517	617	789
chr1	160259741	COPA	ENST00000241704.7	2.23303167420814	4110	3881	3880	206	205	-678	229	3674	883
chr1	160259741	COPA	ENST00000368069.3	2.23303167420814	3985	3908	3907	206	205	-678	77	3701	883
chr1	162756303	DDR2	ENST00000367922.3	2.87601341906626	9272	8835	8834	6267	6266	-887	437	2567	7153
chr1	166823415	POGK	ENST00000367875.1	2.92741141732283	5958	5599	5598	3769	3768	-295	359	1829	4063
chr1	166823415	POGK	ENST00000367876.4	2.42607313195548	3587	3438	3437	1608	1607	-2166	149	1829	3773
chr1	171540461	PRRC2C	ENST00000338920.4	1.78637331440738	6884	6648	6647	-1806	-1807	-3470	236	8453	1663
chr1	171540461	PRRC2C	ENST00000367742.3	1.78652482269504	6895	6654	6653	-1806	-1807	-3470	241	8459	1663
chr1	182841538	DHX9	ENST00000367549.3	1.42591135588775	1733	1624	1623	-2189	-2190	-2506	109	3812	316
chr1	183072711	LAMC1	ENST00000258341.4	1.13809523809524	923	667	666	-4163	-4164	-6965	256	4829	2801
chr1	205685738	NUCKS1	ENST00000367142.4	2.30580479765611	2704	2402	2401	1670	1669	-3791	302	731	5460
chr1	211836679	NEK2	ENST00000366999.4	2.13608562691131	1565	1427	1426	89	88	-565	138	1337	653
chr1	211836679	NEK2	ENST00000540251.1	2.31010452961672	1442	1298	1297	89	88	-198	144	1208	286
chr1	215781434	KCTD3	ENST00000259154.4	1.56576797385621	1678	1385	1384	-1063	-1064	-2252	293	2447	1188
chr1	220312394	IARS2	ENST00000302637.5	1.73050345508391	2323	2220	2219	-819	-820	-1218	103	3038	398
chr1	220312394	IARS2	ENST00000366922.1	1.70988310308183	2334	2004	2003	-819	-820	-1222	330	2822	402
chr1	225589589	LBR	ENST00000272163.4	2.78622987229317	3359	3264	3263	1416	1415	-385	95	1847	1800
chr1	225589589	LBR	ENST00000338179.2	2.78666666666667	3389	3264	3263	1416	1415	-384	125	1847	1799
chr1	227216947	CDC42BPA	ENST00000334218.5	1.69921436588103	4680	3738	3737	-1608	-1609	-6010	942	5345	4401
chr1	227216947	CDC42BPA	ENST00000366764.2	1.71985815602837	4596	3654	3653	-1422	-1423	-5824	942	5075	4401
chr1	227216947	CDC42BPA	ENST00000366765.3	1.7264858626659	4308	3777	3776	-1422	-1423	-1423	531	5198	0
chr1	227216947	CDC42BPA	ENST00000366766.2	1.72991452991453	4785	3843	3842	-1422	-1423	-5824	942	5264	4401
chr1	227216947	CDC42BPA	ENST00000366769.3	1.72441860465116	5029	3738	3737	-1422	-1423	-5825	1291	5159	4402
chr1	227216947	CDC42BPA	ENST00000535525.1	1.72117647058824	3704	3678	3677	-1422	-1423	-1453	26	5099	30
chr1	241796714	CHML	ENST00000366553.1	2.07768561602266	2518	2355	2354	384	383	-4559	163	1970	4942
chr10	1090038	IDI1	ENST00000381344.3	1.25029239766082	380	214	213	-641	-642	-1920	166	854	1278
chr10	3154465	PFKP	ENST00000381075.2	1.47919347919348	1340	1117	1116	-1214	-1215	-1428	223	2330	213
chr10	3154465	PFKP	ENST00000381125.4	1.48450106157113	1216	1141	1140	-1214	-1215	-1428	75	2354	213
chr10	28909818	WAC	ENST00000375664.4	2.36594409583571	3700	3092	3091	1283	1282	-2223	608	1808	3505
chr10	51580654	NCOA4	ENST00000344348.6	1.13008130081301	379	240	239	-1605	-1606	-3107	139	1844	1501
chr10	51580654	NCOA4	ENST00000374082.1	1.13888888888889	319	240	239	-1488	-1489	-2973	79	1727	1484
chr10	51580654	NCOA4	ENST00000374087.4	1.13008130081301	323	240	239	-1605	-1606	-3107	83	1844	1501
chr10	51580654	NCOA4	ENST00000430396.2	1.01877022653722	188	29	28	-1516	-1517	-1935	159	1544	418
chr10	51580654	NCOA4	ENST00000438493.1	1.15213946117274	539	288	287	-1605	-1606	-3106	251	1892	1500
chr10	51580654	NCOA4	ENST00000443446.1	1.13008130081301	468	240	239	-1605	-1606	-3106	228	1844	1500
chr10	51580654	NCOA4	ENST00000452682.1	1.14746543778802	539	288	287	-1665	-1666	-3195	251	1952	1529
chr10	72181785	EIF4EBP2	ENST00000373218.4	2.04104206083539	667	645	644	282	281	-6589	22	362	6870
chr10	73576420	PSAP	ENST00000394934.1	2.68245614035088	2462	2359	2358	778	777	-362	103	1580	1139
chr10	73576420	PSAP	ENST00000394936.3	2.68066491688539	2500	2353	2352	778	777	-365	147	1574	1142
chr10	88810643	GLUD1	ENST00000277865.4	2.68379446640316	2638	2542	2541	865	864	-400	96	1676	1264
chr10	88810643	GLUD1	ENST00000537649.1	2.68596352101507	2587	2041	2040	865	864	-396	546	1175	1260
chr10	95111582	MYOF	ENST00000371501.4	1.56627869382477	3625	3503	3502	-2683	-2684	-3216	122	6185	532
chr10	95111582	MYOF	ENST00000371502.4	1.5690383365822	3625	3503	3502	-2653	-2654	-3186	122	6155	532
chr10	120819167	EIF3A	ENST00000369144.3	1.3350204868643	1517	1390	1389	-2759	-2760	-3954	127	4148	1194
chr10	120819167	EIF3A	ENST00000541549.1	1.31826043983197	1480	1288	1287	-2759	-2760	-3005	192	4046	245
chr10	120832492	EIF3A	ENST00000369144.3	1.10870089178115	578	451	450	-3698	-3699	-4893	127	4148	1194
chr10	120832492	EIF3A	ENST00000541549.1	1.08623671855696	541	349	348	-3698	-3699	-3944	192	4046	245
chr10	131943578	GLRX3	ENST00000331244.5	1.19444444444444	217	196	195	-812	-813	-1044	21	1007	231
chr10	131943578	GLRX3	ENST00000368644.1	1.19444444444444	217	196	195	-812	-813	-1104	21	1007	291
chr11	9450121	IPO7	ENST00000379719.3	1.43952518447225	1511	1370	1369	-1747	-1748	-4679	141	3116	2931
chr11	9467822	IPO7	ENST00000379719.3	2.36869031377899	4339	4198	4197	1081	1080	-1851	141	3116	2931
chr11	10801090	CTR9	ENST00000361367.2	2.68652037617555	4385	3960	3959	438	437	-200	425	3521	637
chr11	12964732	TEAD1	ENST00000361905.4	2.79200425023243	7863	7199	7198	5963	5962	-1566	664	1235	7528
chr11	12964732	TEAD1	ENST00000361985.2	2.88721916381491	7397	7244	7243	5963	5962	-758	153	1280	6720
chr11	12964732	TEAD1	ENST00000526600.1	2.8212367442501	7178	6956	6955	5963	5962	-1298	222	992	7260
chr11	14539226	PSMA1	ENST00000396394.2	1.27272727272727	612	216	215	-576	-577	-892	396	791	315
chr11	14539226	PSMA1	ENST00000418988.2	1.28888888888889	561	234	233	-576	-577	-704	327	809	127
chr11	14539226	PSMA1	ENST00000419365.2	1.43636363636364	260	216	215	-279	-280	-960	44	494	680
chr11	14539226	PSMA1	ENST00000530457.1	1.19665271966527	671	141	140	-576	-577	-855	530	716	278
chr11	14539226	PSMA1	ENST00000555531.1	1.43636363636364	260	216	215	-279	-280	-960	44	494	680
chr11	58387599	ZFP91	ENST00000316059.6	2.72541966426859	4303	4133	4132	2420	2419	-916	170	1712	3335
chr11	60609707	CCDC86	ENST00000227520.5	1.10156971375808	163	110	109	-973	-974	-1729	53	1082	755
chr11	62609190	WDR74	ENST00000525239.1	0.171003717472119	91	-446	-447	-1604	-1605	-1644	537	1157	39
chr11	63392889	ATL3	ENST00000398868.3	2.74579510703364	5804	5528	5527	3902	3901	-1330	276	1625	5231
chr11	63525810	RTN3	ENST00000339997.4	2.0810650887574	3332	3179	3178	137	136	-1553	153	3041	1689
chr11	63525810	RTN3	ENST00000341307.2	2.0392034847542	979	789	788	63	62	-1544	190	725	1606
chr11	63525810	RTN3	ENST00000354497.4	1.91782945736434	655	592	591	-53	-54	-751	63	644	697
chr11	63525810	RTN3	ENST00000356000.3	2.08233173076923	1091	905	904	137	136	-1527	186	767	1663
chr11	63525810	RTN3	ENST00000377819.5	2.08135391923991	3389	3236	3235	137	136	-1547	153	3098	1683
chr11	63525810	RTN3	ENST00000537981.1	2.08135391923991	984	848	847	137	136	-1547	136	710	1683
chr11	63525810	RTN3	ENST00000540798.1	2.62272727272727	3040	2900	2899	137	136	-83	140	2762	219
chr11	64532467	SF1	ENST00000227503.9	2.54127358490566	2460	2106	2105	459	458	-389	354	1646	847
chr11	64532467	SF1	ENST00000334944.5	2.50319284802043	2704	2311	2310	394	393	-389	393	1916	782
chr11	64532467	SF1	ENST00000377387.1	2.54127358490566	2557	2481	2480	459	458	-389	76	2021	847
chr11	64532467	SF1	ENST00000377390.3	2.67904290429043	3080	2743	2742	823	822	-389	337	1919	1211
chr11	64532467	SF1	ENST00000377394.3	2.50319284802043	2464	2110	2109	394	393	-389	354	1715	782
chr11	66638908	PC	ENST00000355677.3	1.22955974842767	458	365	364	-1225	-1226	-1255	93	1589	29
chr11	66638908	PC	ENST00000393955.2	1.10319479785129	445	365	364	-3172	-3173	-3558	80	3536	385
chr11	66638908	PC	ENST00000393958.2	1.10319479785129	458	365	364	-3172	-3173	-3546	93	3536	373
chr11	66638908	PC	ENST00000393960.1	1.10319479785129	646	365	364	-3172	-3173	-3545	281	3536	372
chr11	66638908	PC	ENST00000524491.1	1.16666666666667	458	245	244	-1225	-1226	-1255	213	1469	29
chr11	67351292	GSTP1	ENST00000398603.1	0.784313725490196	79	-22	-23	-547	-548	-620	101	524	72
chr11	67351292	GSTP1	ENST00000398606.3	0.911646586345382	226	-22	-23	-655	-656	-738	248	632	82
chr11	71724087	NUMA1	ENST00000358965.6	1.70758008246115	4719	4462	4461	-1844	-1845	-2507	257	6305	662
chr11	71724087	NUMA1	ENST00000393695.3	1.70289855072464	4793	4462	4461	-1886	-1887	-2549	331	6347	662
chr11	71943359	INPPL1	ENST00000298229.2	1.44770982261054	1894	1691	1690	-2086	-2087	-2838	203	3776	751
chr11	71943359	INPPL1	ENST00000538751.1	1.3162897410685	1817	965	964	-2086	-2087	-2838	852	3050	751
chr11	71943359	INPPL1	ENST00000541756.1	1.3162897410685	1894	965	964	-2086	-2087	-2838	929	3050	751
chr11	94607530	AMOTL1	ENST00000317829.8	2.59969763144633	6460	6291	6290	3570	3569	-2383	169	2720	5952
chr11	94607530	AMOTL1	ENST00000317837.9	2.59919436052367	5371	5202	5201	3570	3569	-2388	169	1631	5957
chr11	94607530	AMOTL1	ENST00000433060.2	2.59919436052367	6581	6441	6440	3570	3569	-2388	140	2870	5957
chr11	102249246	BIRC2	ENST00000227758.2	2.68172484599589	3587	2189	2188	332	331	-155	1398	1856	486
chr11	102249246	BIRC2	ENST00000532672.1	2.68312757201646	2462	2126	2125	332	331	-154	336	1793	485
chr11	118279855	ATP5L	ENST00000300688.3	2.05622489959839	865	354	353	42	41	-705	511	311	746
chr11	118657052	DDX6	ENST00000264018.4	0.702614379084967	214	-91	-92	-1543	-1544	-4323	305	1451	2779
chr11	118657052	DDX6	ENST00000526070.2	0.74792243767313	269	-91	-92	-1543	-1544	-1666	360	1451	122
chr11	118657052	DDX6	ENST00000534980.1	0.688356164383562	200	-91	-92	-1543	-1544	-2340	291	1451	796
chr12	2913076	FKBP4	ENST00000001008.4	2.93142857142857	2218	2032	2031	652	651	-48	186	1379	699
chr12	8072002	SLC2A3	ENST00000075120.7	2.91937700412277	3738	3498	3497	2007	2006	-176	240	1490	2182
chr12	9093901	M6PR	ENST00000000412.3	2.35306262904336	1815	1347	1346	513	512	-940	468	833	1452
chr12	20833588	PDE3A	ENST00000359062.3	2.09318734793187	3848	3809	3808	383	382	-3727	39	3425	4109
chr12	26223524	RASSF8	ENST00000405154.2	2.43766971118242	3231	3033	3032	1773	1772	-2278	198	1259	4050
chr12	26223524	RASSF8	ENST00000541490.1	2.43745373797187	3224	3033	3032	1773	1772	-2280	191	1259	4052
chr12	27872743	MRPS35	ENST00000081029.3	1.33333333333333	394	324	323	-648	-649	-1493	70	971	844
chr12	27872743	MRPS35	ENST00000538315.1	1.55384615384615	332	324	323	-261	-262	-1382	8	584	1120
chr12	44189230	TWF1	ENST00000325127.4	2.08494623655914	1340	1313	1312	158	157	-1702	27	1154	1859
chr12	44189230	TWF1	ENST00000395510.2	2.08485499462943	1340	1211	1210	158	157	-1704	129	1052	1861
chr12	44189230	TWF1	ENST00000552521.1	2.08485499462943	1307	917	916	158	157	-1704	390	758	1861
chr12	46637082	SLC38A1	ENST00000398637.5	0.723741007194245	502	-192	-193	-1656	-1657	-7563	694	1463	5906
chr12	46637082	SLC38A1	ENST00000439706.1	0.760896637608966	610	-192	-193	-1656	-1657	-2825	802	1463	1168
chr12	46637082	SLC38A1	ENST00000546893.1	0.585313174946004	270	-192	-193	-1656	-1657	-2061	462	1463	404
chr12	46637082	SLC38A1	ENST00000552197.1	0.71970802919708	492	-192	-193	-1704	-1705	-2106	684	1511	401
chr12	53837226	PRR13	ENST00000429243.2	1.15883668903803	278	71	70	-376	-377	-950	207	446	573
chr12	53837226	PCBP2	ENST00000541275.1	0.260473588342441	142	-406	-407	-1312	-1313	-1428	548	905	115
chr12	53837226	PRR13	ENST00000547368.1	1.23108384458078	152	113	112	-376	-377	-535	39	488	158
chr12	53837226	PRR13	ENST00000549135.1	1.15883668903803	122	71	70	-376	-377	-632	51	446	255
chr12	53837226	PRR13	ENST00000549740.1	1.15570175438596	136	71	70	-385	-386	-649	65	455	263
chr12	53837226	PRR13	ENST00000549924.1	1.15883668903803	213	71	70	-376	-377	-411	142	446	34
chr12	54633388	CBX5	ENST00000209875.4	2.19889042995839	2863	2727	2726	2151	2150	-8664	136	575	10814
chr12	56365620	CDK2	ENST00000266970.4	2.18205349439172	1347	1108	1107	211	210	-948	239	896	1158
chr12	56365620	CDK2	ENST00000354056.4	2.73519163763066	1183	1006	1005	211	210	-76	177	794	286
chr12	56365620	CDK2	ENST00000553376.1	2.42540322580645	1439	1252	1251	211	210	-285	187	1040	495
chr12	56435822	RPS26	ENST00000356464.5	0.592356687898089	185	-128	-129	-476	-477	-654	313	347	177
chr12	56435822	RPS26	ENST00000552361.1	0.70873786407767	145	-60	-61	-408	-409	-477	205	347	68
chr12	64842289	XPOT	ENST00000332707.5	2.12616822429907	3795	3267	3266	378	377	-2618	528	2888	2995
chr12	65108118	GNS	ENST00000258145.3	2.72995139732685	4232	4062	4061	2403	2402	-889	170	1658	3291
chr12	65108118	GNS	ENST00000418919.2	2.72906553398058	3983	3894	3893	2403	2402	-893	89	1490	3295
chr12	93896256	MRPL42	ENST00000361630.2	2.87735191637631	1865	1688	1687	1259	1258	-176	177	428	1434
chr12	93896256	MRPL42	ENST00000393128.4	2.87980433263452	1810	1679	1678	1259	1258	-172	131	419	1430
chr12	93896256	MRPL42	ENST00000549982.1	2.49411302982732	1848	1688	1687	1259	1258	-1289	160	428	2547
chr12	101789149	ARL1	ENST00000261636.8	2.10674603174603	989	815	814	269	268	-2251	174	545	2519
chr12	101789149	ARL1	ENST00000536227.1	2.38649425287356	894	764	763	269	268	-427	130	494	695
chr12	101789149	ARL1	ENST00000539055.1	2.37257617728532	777	677	676	269	268	-453	100	407	721
chr12	101789188	ARL1	ENST00000261636.8	2.09126984126984	950	776	775	230	229	-2290	174	545	2519
chr12	101789188	ARL1	ENST00000536227.1	2.33045977011494	855	725	724	230	229	-466	130	494	695
chr12	101789188	ARL1	ENST00000539055.1	2.3185595567867	738	638	637	230	229	-492	100	407	721
chr12	107366516	C12orf23	ENST00000280756.4	2.51947551099113	2115	1698	1697	1347	1346	-1246	417	350	2592
chr12	107366516	C12orf23	ENST00000548125.1	2.50926275992439	2050	1698	1697	1347	1346	-1298	352	350	2644
chr12	110929516	VPS29	ENST00000360579.7	2.60995850622407	902	855	854	294	293	-188	47	560	481
chr12	110929516	VPS29	ENST00000447578.2	2.77368421052632	909	558	557	294	293	-86	351	263	379
chr12	110929516	VPS29	ENST00000546588.1	2.93630573248408	1038	939	938	294	293	-20	99	644	313
chr12	110929516	VPS29	ENST00000549578.1	2.32378854625551	908	843	842	294	293	-614	65	548	907
chr12	110929516	VPS29	ENST00000552130.2	2.77165354330709	969	558	557	294	293	-87	411	263	380
chr12	112947012	PTPN11	ENST00000351677.2	2.82892501819947	5395	5198	5197	3416	3415	-705	197	1781	4120
chr12	113714774	TPCN1	ENST00000335509.6	1.40514075887393	1306	993	992	-1458	-1459	-3967	313	2450	2508
chr12	113714774	TPCN1	ENST00000392569.4	1.35113484646195	981	789	788	-1458	-1459	-1576	192	2246	117
chr12	113714774	TPCN1	ENST00000541517.1	1.4533183352081	1210	1209	1208	-1458	-1459	-3964	1	2666	2505
chr12	113714774	TPCN1	ENST00000550785.1	1.4533183352081	1377	1209	1208	-1458	-1459	-3967	168	2666	2508
chr12	118471953	WSB2	ENST00000315436.3	2.03723816912335	1404	1263	1262	48	47	-1241	141	1214	1288
chr12	118471953	WSB2	ENST00000441406.2	2.64	1325	1314	1313	48	47	-27	11	1265	74
chr12	118471953	WSB2	ENST00000542304.1	2.125	1082	588	587	48	47	-336	494	539	383
chr12	123745790	CDK2AP1	ENST00000261692.2	2.65298013245033	1362	841	840	493	492	-262	521	347	754
chr12	123745790	CDK2AP1	ENST00000535979.1	2.67257844474761	1040	757	756	493	492	-240	283	263	732
chr12	123745790	CDK2AP1	ENST00000538446.1	2.67257844474761	920	757	756	493	492	-240	163	263	732
chr12	123745790	CDK2AP1	ENST00000542174.1	2.68093922651934	1580	757	756	493	492	-231	823	263	723
chr12	124497242	ZNF664	ENST00000337815.4	1.70101781170483	1499	551	550	-235	-236	-2727	948	785	2491
chr12	124497242	ZNF664	ENST00000392404.3	1.70101781170483	1530	551	550	-235	-236	-2731	979	785	2495
chr12	124497242	ZNF664	ENST00000538932.2	1.70101781170483	1576	551	550	-235	-236	-2744	1025	785	2508
chr12	124497242	ZNF664	ENST00000539644.1	1.70101781170483	2380	551	550	-235	-236	-2727	1829	785	2491
chr13	53049716	CKAP2	ENST00000258607.5	2.36423841059603	2606	2489	2488	440	439	-768	117	2048	1207
chr13	53049716	CKAP2	ENST00000378037.5	2.29589778076664	2581	2492	2491	440	439	-1047	89	2051	1486
chr13	53049716	CKAP2	ENST00000490903.1	2.36423841059603	2626	2345	2344	440	439	-768	281	1904	1207
chr13	114294662	TFDP1	ENST00000375370.5	2.0665004156276	1524	1313	1312	80	79	-1123	211	1232	1202
chr13	114294662	TFDP1	ENST00000538138.1	2.61068702290076	1275	1016	1015	80	79	-51	259	935	130
chr13	114294762	TFDP1	ENST00000375370.5	2.14962593516209	1624	1413	1412	180	179	-1023	211	1232	1202
chr14	23299145	MRPL52	ENST00000311892.6	0.102941176470588	20	-183	-184	-342	-343	-1021	203	158	678
chr14	23299145	MRPL52	ENST00000355151.5	1.06451612903226	53	24	23	-348	-349	-1064	29	371	715
chr14	23299145	MRPL52	ENST00000397496.3	1.0650406504065	49	24	23	-345	-346	-1061	25	368	715
chr14	23299145	MRPL52	ENST00000432849.3	1.07207207207207	33	24	23	-309	-310	-377	9	332	67
chr14	23299145	MRPL52	ENST00000553711.1	0.0844686648501362	30	-336	-337	-531	-532	-555	366	194	23
chr14	23299145	MRPL52	ENST00000555345.1	0.138157894736842	41	-262	-263	-457	-458	-853	303	194	395
chr14	23299145	MRPL52	ENST00000556840.1	0.0903954802259887	15	-161	-162	-356	-357	-382	176	194	25
chr14	23299145	MRPL52	ENST00000557221.1	0.0888030888030888	22	-236	-237	-392	-393	-899	258	155	506
chr14	23299145	MRPL52	ENST00000311892.6	0.102941176470588	20	-183	-184	-342	-343	-1021	203	158	678
chr14	23299145	MRPL52	ENST00000355151.5	1.06451612903226	53	24	23	-348	-349	-1064	29	371	715
chr14	23299145	MRPL52	ENST00000397496.3	1.0650406504065	49	24	23	-345	-346	-1061	25	368	715
chr14	23299145	MRPL52	ENST00000432849.3	1.07207207207207	33	24	23	-309	-310	-377	9	332	67
chr14	23299145	MRPL52	ENST00000553711.1	0.0844686648501362	30	-336	-337	-531	-532	-555	366	194	23
chr14	23299145	MRPL52	ENST00000555345.1	0.138157894736842	41	-262	-263	-457	-458	-853	303	194	395
chr14	23299145	MRPL52	ENST00000556840.1	0.0903954802259887	15	-161	-162	-356	-357	-382	176	194	25
chr14	23299145	MRPL52	ENST00000557221.1	0.0888030888030888	22	-236	-237	-392	-393	-899	258	155	506
chr14	23344898	LRP10	ENST00000359591.4	1.34593837535014	1431	741	740	-1401	-1402	-5454	690	2141	4052
chr14	39501361	SEC23A	ENST00000307712.6	2.82031842304776	3897	3380	3379	1082	1081	-237	517	2297	1318
chr14	39501361	SEC23A	ENST00000537403.1	2.81969696969697	3976	2774	2773	1082	1081	-238	1202	1691	1319
chr14	39536409	SEC23A	ENST00000307712.6	1.52001740644038	1712	1195	1194	-1103	-1104	-2422	517	2297	1318
chr14	39536409	SEC23A	ENST00000536508.1	1.410140562249	1017	817	816	-1175	-1176	-1667	200	1991	491
chr14	39536409	SEC23A	ENST00000537403.1	1.34810874704492	1791	589	588	-1103	-1104	-2423	1202	1691	1319
chr14	39536409	SEC23A	ENST00000545328.2	1.50113071008593	1332	1108	1107	-1103	-1104	-1401	224	2210	297
chr14	39650440	PNN	ENST00000216832.4	1.70891364902507	1593	1527	1526	-627	-628	-1982	66	2153	1354
chr14	54894544	CNIH1	ENST00000216416.4	1.97241379310345	526	423	422	-12	-13	-890	103	434	877
chr14	54894544	CNIH1	ENST00000395573.4	1.95876288659794	342	279	278	-12	-13	-890	63	290	877
chr14	54894544	CNIH1	ENST00000553660.1	1.9672131147541	383	354	353	-12	-13	-401	29	365	388
chr14	54894544	CNIH1	ENST00000557690.1	1.97515527950311	534	471	470	-12	-13	-303	63	482	290
chr14	55532547	MAPK1IP1L	ENST00000395468.4	2.21599281221923	2116	1940	1939	1202	1201	-4363	176	737	5564
chr14	56150959	KTN1	ENST00000395311.1	2.28991596638655	4177	4059	4058	138	137	-338	118	3920	475
chr14	56150959	KTN1	ENST00000395314.3	2.28991596638655	4279	4212	4211	138	137	-338	67	4073	475
chr14	56150959	KTN1	ENST00000413890.2	2.2875	4236	4059	4058	138	137	-342	177	3920	479
chr14	56150959	KTN1	ENST00000416613.1	2.36194029850746	4339	4268	4267	194	193	-342	71	4073	535
chr14	56150959	KTN1	ENST00000438792.2	2.28991596638655	4110	4041	4040	138	137	-338	69	3902	475
chr14	56150959	KTN1	ENST00000554507.1	2.87898089171975	2037	1926	1925	138	137	-19	111	1787	156
chr14	56150959	KTN1	ENST00000555573.1	2.29175475687104	1376	1143	1142	138	137	-335	233	1004	472
chr14	69846986	ERH	ENST00000557016.1	2.66093366093366	977	584	583	269	268	-138	393	314	406
chr14	69846987	ERH	ENST00000557016.1	2.65847665847666	976	583	582	268	267	-139	393	314	406
chr15	41059798	GCHFR	ENST00000260447.4	2.6991643454039	666	506	505	251	250	-108	160	254	358
chr15	41059798	GCHFR	ENST00000558467.1	2.6991643454039	676	455	454	251	250	-108	221	203	358
chr15	41059798	GCHFR	ENST00000559445.1	2.71714285714286	526	473	472	251	250	-99	53	221	349
chr15	41059798	GCHFR	ENST00000559932.1	2.85665529010239	652	455	454	251	250	-42	197	203	292
chr15	44063645	PDIA3	ENST00000300289.5	2.11111111111111	1894	1747	1746	229	228	-1832	147	1517	2060
chr15	44063645	PDIA3	ENST00000538521.1	2.71786833855799	2008	1687	1686	229	228	-90	321	1457	318
chr15	48634340	DUT	ENST00000331200.3	2.05019305019305	916	824	823	65	64	-1230	92	758	1294
chr15	48634340	DUT	ENST00000455976.2	2.05034856700232	708	560	559	65	64	-1226	148	494	1290
chr15	48634340	DUT	ENST00000558813.1	2.30232558139535	618	491	490	65	64	-150	127	425	214
chr15	48634340	DUT	ENST00000559540.1	2.73940020682523	1188	1147	1146	715	714	-252	41	431	966
chr15	49429628	COPS2	ENST00000299259.6	1.29563932002956	482	400	399	-953	-954	-1553	82	1352	599
chr15	49429628	COPS2	ENST00000388901.5	1.28453453453453	452	379	378	-953	-954	-3608	73	1331	2654
chr15	49429628	COPS2	ENST00000542928.1	1.1640350877193	212	187	186	-953	-954	-1367	25	1139	413
chr15	52841795	ARPP19	ENST00000249822.4	2.49808102345416	2946	2675	2674	2336	2335	-2354	271	338	4689
chr15	52841795	ARPP19	ENST00000561650.1	2.970502700457	3173	2627	2626	2336	2335	-71	546	290	2406
chr15	52841795	ARPP19	ENST00000566423.1	2.47780732256085	2808	2675	2674	2336	2335	-2553	133	338	4888
chr15	55473829	RSL24D1	ENST00000260443.4	2.38707280832095	1189	1013	1012	521	520	-825	176	491	1345
chr15	59961156	BNIP2	ENST00000267859.3	1.9105504587156	1284	1191	1190	-117	-118	-5040	93	1307	4922
chr15	59961156	BNIP2	ENST00000415213.2	1.89655172413793	1079	1014	1013	-117	-118	-429	65	1130	311
chr15	59961156	BNIP2	ENST00000607373.1	1.87619047619048	1030	828	827	-117	-118	-820	202	944	702
chr15	65868738	PTPLAD1	ENST00000261875.5	2.01065989847716	1275	1110	1109	21	20	-1949	165	1088	1969
chr15	65868738	PTPLAD1	ENST00000442729.2	2.08139534883721	1094	945	944	21	20	-237	149	923	257
chr15	65868738	PTPLAD1	ENST00000562901.1	2.07142857142857	1523	759	758	21	20	-273	764	737	293
chr15	65868738	PTPLAD1	ENST00000565299.1	2.175	1365	1224	1223	21	20	-99	141	1202	119
chr15	65868738	PTPLAD1	ENST00000566074.1	2.03645833333333	1102	759	758	21	20	-555	343	737	575
chr15	65868738	PTPLAD1	ENST00000566511.1	2.03511705685619	1204	759	758	21	20	-577	445	737	597
chr15	65868738	PTPLAD1	ENST00000568793.1	2.0307467057101	1161	1035	1034	21	20	-662	126	1013	682
chr15	65868738	PTPLAD1	ENST00000569894.1	2.06051873198847	1144	759	758	21	20	-326	385	737	346
chr15	65868950	PTPLAD1	ENST00000261875.5	2.11827411167513	1487	1322	1321	233	232	-1737	165	1088	1969
chr15	65868950	PTPLAD1	ENST00000442729.2	2.9031007751938	1306	1157	1156	233	232	-25	149	923	257
chr15	65868950	PTPLAD1	ENST00000562901.1	2.79251700680272	1735	971	970	233	232	-61	764	737	293
chr15	65868950	PTPLAD1	ENST00000566074.1	2.40451388888889	1314	971	970	233	232	-343	343	737	575
chr15	65868950	PTPLAD1	ENST00000566511.1	2.38963210702341	1416	971	970	233	232	-365	445	737	597
chr15	65868950	PTPLAD1	ENST00000568793.1	2.3411420204978	1373	1247	1246	233	232	-450	126	1013	682
chr15	65868950	PTPLAD1	ENST00000569894.1	2.67146974063401	1356	971	970	233	232	-114	385	737	346
chr15	72636387	HEXA	ENST00000268097.5	2.04821150855365	2124	1621	1620	31	30	-612	503	1589	642
chr15	72636387	HEXA	ENST00000566304.1	2.20529801324503	1674	1654	1653	31	30	-120	20	1622	150
chr15	72875964	ARIH1	ENST00000379887.4	2.08154717910815	2318	2005	2004	331	330	-3728	313	1673	4058
chr15	74744676	UBL7	ENST00000361351.4	1.30446194225722	451	348	347	-795	-796	-908	103	1142	112
chr15	74744676	UBL7	ENST00000395081.2	1.30446194225722	518	348	347	-795	-796	-908	170	1142	112
chr15	74744676	UBL7	ENST00000564488.1	1.30446194225722	569	348	347	-795	-796	-907	221	1142	111
chr15	74744676	UBL7	ENST00000565335.1	1.30446194225722	505	348	347	-795	-796	-908	157	1142	112
chr15	74744676	UBL7	ENST00000567435.1	1.30446194225722	811	348	347	-795	-796	-908	463	1142	112
chr15	91044844	IQGAP1	ENST00000268182.5	2.70444964871194	6601	6478	6477	1504	1503	-631	123	4973	2134
chr15	91425923	FURIN	ENST00000268171.3	2.51582278481013	3478	3200	3199	815	814	-765	278	2384	1579
chr16	97524	POLR3K	ENST00000293860.5	1.71253822629969	274	233	232	-94	-95	-1117	41	326	1022
chr16	2817163	SRRM2	ENST00000301740.8	1.80324494490858	7182	6634	6633	-1625	-1626	-2170	548	8258	544
chr16	14989393	NOMO1	ENST00000287667.7	1.97029163259744	3730	3560	3559	-109	-110	-624	170	3668	514
chr16	18794332	RPS15A	ENST00000322989.4	1.99745547073791	487	392	391	-1	-2	-1715	95	392	1713
chr16	18794332	RPS15A	ENST00000563390.1	1.99745547073791	470	392	391	-1	-2	-54	78	392	52
chr16	18794332	RPS15A	ENST00000565420.1	1.99745547073791	760	392	391	-1	-2	-41	368	392	39
chr16	18794332	RPS15A	ENST00000576436.1	2.97704918032787	2147	2124	2123	1788	1787	-42	23	335	1829
chr16	18803028	ARL6IP1	ENST00000304414.7	2.97662665824384	2369	2158	2157	1546	1545	-37	211	611	1582
chr16	28399530	EIF3CL	ENST00000380876.4	1.60837887067395	1792	1670	1669	-1075	-1076	-1292	122	2744	216
chr16	28399530	EIF3CL	ENST00000398943.3	1.60837887067395	1806	1670	1669	-1075	-1076	-1289	136	2744	213
chr16	28399530	EIF3CL	ENST00000398944.3	1.60837887067395	1758	1670	1669	-1075	-1076	-1294	88	2744	218
chr16	28837702	ATXN2L	ENST00000325215.6	1.19034179993728	773	607	606	-2582	-2583	-3014	166	3188	431
chr16	28837702	ATXN2L	ENST00000336783.4	1.18804213135068	773	607	606	-2621	-2622	-3593	166	3227	971
chr16	28837702	ATXN2L	ENST00000340394.8	1.19362041467305	818	607	606	-2528	-2529	-2988	211	3134	459
chr16	28837702	ATXN2L	ENST00000382686.4	1.19362041467305	773	607	606	-2528	-2529	-2965	166	3134	436
chr16	28837702	ATXN2L	ENST00000395547.2	1.1842744383728	773	607	606	-2687	-2688	-3207	166	3293	519
chr16	28837702	ATXN2L	ENST00000564304.1	1.18927346429685	771	607	606	-2600	-2601	-2742	164	3206	141
chr16	28837702	ATXN2L	ENST00000570200.1	1.19034179993728	614	607	606	-2582	-2583	-3020	7	3188	437
chr16	28883911	SH2B1	ENST00000322610.8	1.78467635402906	2220	1782	1781	-489	-490	-874	438	2270	384
chr16	28883911	SH2B1	ENST00000337120.5	1.88392857142857	5072	1782	1781	-234	-235	-970	3290	2015	735
chr16	28883911	SH2B1	ENST00000359285.5	1.86842105263158	2005	1782	1781	-270	-271	-1027	223	2051	756
chr16	28883911	SH2B1	ENST00000395532.4	1.88392857142857	2152	1782	1781	-234	-235	-376	370	2015	141
chr16	28883911	SH2B1	ENST00000538342.1	1.76785714285714	939	774	773	-234	-235	-592	165	1007	357
chr16	28883911	SH2B1	ENST00000545570.1	1.75935828877005	1038	852	851	-270	-271	-449	186	1121	178
chr16	47345317	ITFG1	ENST00000320640.6	1.4915715062534	1132	904	903	-935	-936	-2267	228	1838	1331
chr16	47345317	ITFG1	ENST00000544001.2	1.40501792114695	855	565	564	-830	-831	-993	290	1394	162
chr16	56396271	AMFR	ENST00000290649.5	2.37748798901853	2692	2482	2481	550	549	-907	210	1931	1456
chr16	58554701	CNOT1	ENST00000245138.4	2.60984848484848	3994	3845	3844	161	160	-103	149	3683	263
chr16	58554701	CNOT1	ENST00000317147.5	2.15988083416087	7624	7292	7291	161	160	-846	332	7130	1006
chr16	58554701	CNOT1	ENST00000569240.1	2.61216730038023	7557	7277	7276	161	160	-102	280	7115	262
chr16	69376048	NIP7	ENST00000254940.5	2.33790267306374	1435	1036	1035	493	492	-966	399	542	1458
chr16	69376048	NIP7	ENST00000254941.6	2.33953168044077	927	895	894	493	492	-959	32	401	1451
chr16	74506286	GLG1	ENST00000205061.5	1.57475083056478	2095	2076	2075	-1536	-1537	-1634	19	3611	97
chr16	74506286	GLG1	ENST00000447066.2	1.57082984073764	2060	2043	2042	-1536	-1537	-1565	17	3578	28
chr16	88804791	PIEZO1	ENST00000301015.9	1.09146180280201	938	692	691	-6874	-6875	-7133	246	7565	258
chr16	88876107	APRT	ENST00000378364.3	1.99815837937385	586	542	541	-1	-2	-360	44	542	358
chr16	88876107	APRT	ENST00000426324.2	2.01287553648069	433	408	407	3	2	-230	25	404	232
chr16	88876107	APRT	ENST00000563655.1	1.9978354978355	481	461	460	-1	-2	-227	20	461	225
chr17	2278920	SGSM2	ENST00000268989.3	1.70817490494297	2411	2235	2234	-921	-922	-2451	176	3155	1529
chr17	2278920	SGSM2	ENST00000426855.2	1.69513406156902	2274	2100	2099	-921	-922	-2459	174	3020	1537
chr17	2278920	SGSM2	ENST00000574563.1	1.7085020242915	2166	2100	2099	-864	-865	-1243	66	2963	378
chr17	4848196	RNF167	ENST00000262482.6	1.89078822412156	1593	938	937	-115	-116	-321	655	1052	205
chr17	4848196	RNF167	ENST00000571816.1	1.89078822412156	1437	938	937	-115	-116	-290	499	1052	174
chr17	4848196	RNF167	ENST00000572430.1	1.89078822412156	1241	938	937	-115	-116	-269	303	1052	153
chr17	4848196	RNF167	ENST00000575111.1	1.89078822412156	1466	938	937	-115	-116	-290	528	1052	174
chr17	4848196	RNF167	ENST00000576229.1	1.87869198312236	1164	833	832	-115	-116	-271	331	947	155
chr17	25639559	WSB1	ENST00000262394.2	2.12995245641838	1745	1430	1429	164	163	-1098	315	1265	1261
chr17	25639559	WSB1	ENST00000348811.2	2.31660231660232	1256	992	991	164	163	-354	264	827	517
chr17	27207030	FLOT2	ENST00000394906.2	2.44779771615008	2078	2001	2000	549	548	-677	77	1451	1225
chr17	27207030	FLOT2	ENST00000394908.4	2.44779771615008	1940	1836	1835	549	548	-677	104	1286	1225
chr17	27207030	FLOT2	ENST00000585169.1	2.45	1913	1836	1835	549	548	-671	77	1286	1219
chr17	34051476	AP2B1	ENST00000262325.7	2.27888153053716	4124	3572	3571	758	757	-1960	552	2813	2717
chr17	37357532	RPL19	ENST00000225430.4	1.12182741116751	133	72	71	-519	-520	-598	61	590	78
chr17	37357532	RPL19	ENST00000579260.1	1.11282051282051	468	66	65	-519	-520	-582	402	584	62
chr17	37357532	RPL19	ENST00000579374.1	1.10824742268041	91	63	62	-519	-520	-598	28	581	78
chr17	37357532	RPL19	ENST00000582193.1	1.11282051282051	200	66	65	-519	-520	-591	134	584	71
chr17	37564158	MED1	ENST00000300651.6	1.90939738727349	4539	4316	4315	-430	-431	-1304	223	4745	873
chr17	40142393	DNAJC7	ENST00000316603.7	1.24297646165528	401	320	319	-997	-998	-1066	81	1316	68
chr17	40142393	DNAJC7	ENST00000426588.3	1.24297646165528	522	320	319	-997	-998	-1251	202	1316	253
chr17	40142393	DNAJC7	ENST00000457167.4	1.32861952861953	724	488	487	-997	-998	-1297	236	1484	299
chr17	40359736	STAT5B	ENST00000293328.3	1.81091370558376	2085	1917	1916	-447	-448	-3017	168	2363	2569
chr17	40925491	VPS25	ENST00000253794.2	0.95	37	-2	-3	-533	-534	-1063	39	530	529
chr17	40993999	PSME3	ENST00000293362.3	2.18540614960991	1368	1208	1207	404	403	-1775	160	803	2178
chr17	40993999	PSME3	ENST00000441946.2	2.24664224664225	1709	1202	1201	404	403	-1234	507	797	1637
chr17	40993999	PSME3	ENST00000541124.1	2.54090399701158	1711	1496	1495	1448	1447	-1229	215	47	2676
chr17	40993999	PSME3	ENST00000545225.1	2.24322697170379	1824	986	985	404	403	-1257	838	581	1660
chr17	41345536	NBR1	ENST00000341165.6	1.48431575318856	1544	1405	1404	-1496	-1497	-3111	139	2900	1614
chr17	41345536	NBR1	ENST00000389312.4	1.48431575318856	1487	1405	1404	-1496	-1497	-3109	82	2900	1612
chr17	41345536	NBR1	ENST00000422280.1	1.48431575318856	1863	1405	1404	-1496	-1497	-3109	458	2900	1612
chr17	41345536	NBR1	ENST00000542611.1	1.53381066030231	1451	1342	1341	-1172	-1173	-1251	109	2513	78
chr17	41345536	NBR1	ENST00000589872.1	1.49928926794598	1473	1405	1404	-1409	-1410	-1623	68	2813	213
chr17	41345536	NBR1	ENST00000590996.1	1.48431575318856	1502	1405	1404	-1496	-1497	-1943	97	2900	446
chr17	43190972	PLCD3	ENST00000322765.5	1.77186311787072	1940	1827	1826	-540	-541	-1515	113	2366	974
chr17	46136242	NFE2L1	ENST00000357480.5	1.65859129654554	2072	1468	1467	-761	-762	-2599	604	2228	1837
chr17	46136242	NFE2L1	ENST00000361665.3	1.667104111986	2128	1525	1524	-761	-762	-2600	603	2285	1838
chr17	46136242	NFE2L1	ENST00000362042.3	1.67184131090987	2173	1558	1557	-761	-762	-2600	615	2318	1838
chr17	46136242	NFE2L1	ENST00000536222.1	1.58887088060508	1398	1090	1089	-761	-762	-773	308	1850	11
chr17	46136242	NFE2L1	ENST00000582155.1	1.56638176638177	1044	994	993	-761	-762	-953	50	1754	191
chr17	46136242	NFE2L1	ENST00000583378.1	1.55807200929152	994	961	960	-761	-762	-1056	33	1721	294
chr17	46136242	NFE2L1	ENST00000585291.1	1.65859129654554	1782	1468	1467	-761	-762	-2607	314	2228	1845
chr17	56082544	SRSF1	ENST00000258962.4	2.40035906642729	1178	970	969	223	222	-334	208	746	556
chr17	56082544	RP11-159D12.5	ENST00000578794.1	0.22257053291536	70	-248	-249	-437	-438	-640	318	188	202
chr17	56082544	SRSF1	ENST00000582730.2	2.23627984918308	1293	1170	1169	564	563	-1823	123	605	2386
chr17	66528409	PRKAR1A	ENST00000358598.2	2.78642455685257	3081	2965	2964	1819	1818	-494	116	1145	2312
chr17	66528409	PRKAR1A	ENST00000392711.1	2.78472821397757	3148	2965	2964	1819	1818	-499	183	1145	2317
chr17	66528409	PRKAR1A	ENST00000536854.2	2.78642455685257	3202	2965	2964	1819	1818	-494	237	1145	2312
chr17	66528409	PRKAR1A	ENST00000589228.1	2.60999329309188	3092	2965	2964	1819	1818	-1163	127	1145	2981
chr17	73164084	SUMO2	ENST00000314523.7	2.74309978768577	687	566	565	350	349	-121	121	215	470
chr17	73164084	SUMO2	ENST00000420826.2	2.3411306042885	786	638	637	350	349	-676	148	287	1025
chr17	73164350	SUMO2	ENST00000314523.7	2.17834394904459	421	300	299	84	83	-387	121	215	470
chr17	73164350	SUMO2	ENST00000420826.2	2.08187134502924	520	372	371	84	83	-942	148	287	1025
chr17	73164350	SUMO2	ENST00000578238.1	2.66666666666667	532	243	242	84	83	-42	289	158	125
chr17	74042264	SRP68	ENST00000307877.2	1.61252653927813	1315	1154	1153	-730	-731	-1333	161	1883	602
chr17	74042264	SRP68	ENST00000355113.5	1.53826691967109	1055	851	850	-730	-731	-885	204	1580	154
chr17	74042264	SRP68	ENST00000539137.1	1.58757062146893	1055	1040	1039	-730	-731	-1330	15	1769	599
chr17	74042264	SRP68	ENST00000602720.1	1.15801614763552	375	137	136	-730	-731	-1330	238	866	599
chr17	76849449	TIMP2	ENST00000262768.7	2.85501858736059	3261	2963	2962	2300	2299	-390	298	662	2689
chr17	76849449	TIMP2	ENST00000536189.2	2.85501858736059	3024	2732	2731	2300	2299	-390	292	431	2689
chr17	76849449	TIMP2	ENST00000585421.1	2.85501858736059	2954	2732	2731	2300	2299	-390	222	431	2689
chr17	76849449	TIMP2	ENST00000586057.1	2.85629188384214	3002	2732	2731	2300	2299	-386	270	431	2685
chr17	78079625	GAA	ENST00000302262.3	1.21825813221406	842	624	623	-2235	-2236	-2783	218	2858	547
chr17	78079625	GAA	ENST00000390015.3	1.21825813221406	767	624	623	-2235	-2236	-2781	143	2858	545
chr17	79213378	C17orf89	ENST00000431388.2	1.42222222222222	219	95	94	-130	-131	-395	124	224	264
chr17	79539100	NPLOC4	ENST00000331134.6	1.70935960591133	1511	1296	1295	-531	-532	-2903	215	1826	2371
chr17	79539100	NPLOC4	ENST00000374747.5	1.69902912621359	1425	1296	1295	-558	-559	-4112	129	1853	3553
chr17	79539100	NPLOC4	ENST00000539314.1	1.59299781181619	1395	813	812	-558	-559	-969	582	1370	410
chr18	211669	USP14	ENST00000261601.7	2.11509715994021	1960	1870	1869	385	384	-2960	90	1484	3344
chr18	211669	USP14	ENST00000383589.2	2.53997194950912	1839	1732	1731	385	384	-328	107	1346	712
chr18	32916548	ZNF24	ENST00000261332.6	2.12908366533865	1934	1755	1754	648	647	-4372	179	1106	5019
chr18	32916548	ZNF24	ENST00000399061.3	2.12947052947053	1924	1755	1754	648	647	-4357	169	1106	5004
chr18	32916548	ZNF24	ENST00000589881.1	2.36235913947022	3061	3058	3057	2476	2475	-4357	3	581	6832
chr18	44682553	IER3IP1	ENST00000256433.3	1.97991967871486	340	244	243	-5	-6	-1140	96	248	1134
chr18	44682553	IER3IP1	ENST00000588705.1	1.97991967871486	247	244	243	-5	-6	-313	3	248	307
chr19	282248	PPAP2C	ENST00000269812.3	1.69550173010381	652	603	602	-264	-265	-612	49	866	347
chr19	282248	PPAP2C	ENST00000434325.2	1.62231759656652	618	435	434	-264	-265	-307	183	698	42
chr19	12849368	ASNA1	ENST00000357332.3	1.19579751671442	218	205	204	-842	-843	-1061	13	1046	218
chr19	12849368	ASNA1	ENST00000591090.1	1.19579751671442	306	205	204	-842	-843	-1061	101	1046	218
chr19	19765470	ATP13A1	ENST00000357324.6	1.46887966804979	1721	1695	1694	-1920	-1921	-2139	26	3614	218
chr19	29698297	UQCRFS1	ENST00000304863.4	2.56028368794326	1405	983	982	158	157	-124	422	824	281
chr19	34685385	LSM14A	ENST00000433627.5	1.08908045977011	198	124	123	-1268	-1269	-3225	74	1391	1956
chr19	34685385	LSM14A	ENST00000540746.2	1.09771473601261	241	124	123	-1145	-1146	-1910	117	1268	764
chr19	34685385	LSM14A	ENST00000544216.3	1.08908045977011	200	124	123	-1268	-1269	-3395	76	1391	2126
chr19	40883948	PLD3	ENST00000356508.5	1.91038696537678	1463	1341	1340	-132	-133	-442	122	1472	309
chr19	40883948	PLD3	ENST00000409281.1	1.91038696537678	1672	1341	1340	-132	-133	-442	331	1472	309
chr19	40883948	PLD3	ENST00000409419.1	1.91038696537678	1531	1341	1340	-132	-133	-434	190	1472	301
chr19	40883948	PLD3	ENST00000409587.1	1.91038696537678	1737	1341	1340	-132	-133	-442	396	1472	309
chr19	40883948	PLD3	ENST00000409735.4	1.91038696537678	1697	1341	1340	-132	-133	-442	356	1472	309
chr19	49425944	NUCB1	ENST00000263273.5	2.31272294887039	1661	1649	1648	263	262	-578	12	1385	840
chr19	49425944	NUCB1	ENST00000405315.4	2.27742616033755	1982	1649	1648	263	262	-685	333	1385	947
chr19	49425944	NUCB1	ENST00000407032.1	2.17514124293785	1573	1510	1509	124	123	-584	63	1385	707
chr19	50372899	AKT1S1	ENST00000344175.5	2.31321184510251	1156	1046	1045	275	274	-603	110	770	877
chr19	50372899	AKT1S1	ENST00000391831.1	2.31572904707233	1428	1046	1045	275	274	-596	382	770	870
chr19	50372899	AKT1S1	ENST00000391832.3	2.31321184510251	1307	1046	1045	275	274	-603	261	770	877
chr19	50372899	AKT1S1	ENST00000391833.1	2.31285551763367	3035	1046	1045	275	274	-604	1989	770	878
chr19	50372899	AKT1S1	ENST00000391834.2	2.31500572737686	1771	1046	1045	275	274	-598	725	770	872
chr19	50372899	AKT1S1	ENST00000391835.1	2.31572904707233	2478	1106	1105	275	274	-596	1372	830	870
chr19	50372900	AKT1S1	ENST00000344175.5	2.3120728929385	1155	1045	1044	274	273	-604	110	770	877
chr19	50372900	AKT1S1	ENST00000391831.1	2.31458094144661	1427	1045	1044	274	273	-597	382	770	870
chr19	50372900	AKT1S1	ENST00000391832.3	2.3120728929385	1306	1045	1044	274	273	-604	261	770	877
chr19	50372900	AKT1S1	ENST00000391833.1	2.31171786120592	3034	1045	1044	274	273	-605	1989	770	878
chr19	50372900	AKT1S1	ENST00000391834.2	2.31386025200458	1770	1045	1044	274	273	-599	725	770	872
chr19	50372900	AKT1S1	ENST00000391835.1	2.31458094144661	2477	1105	1104	274	273	-597	1372	830	870
chr2	277814	ACP1	ENST00000272065.5	2.52093973442288	1079	987	986	510	509	-469	92	476	978
chr2	277814	ACP1	ENST00000272067.6	2.52093973442288	1082	987	986	510	509	-469	95	476	978
chr2	9725106	YWHAQ	ENST00000238081.3	2.2351598173516	1202	1047	1046	309	308	-1005	155	737	1313
chr2	9725106	YWHAQ	ENST00000381844.4	2.2351598173516	1210	1047	1046	309	308	-1005	163	737	1313
chr2	20237324	LAPTM4A	ENST00000175091.4	1.4045584045584	791	284	283	-418	-419	-973	507	701	554
chr2	25013226	PTRHD1	ENST00000328379.5	2.07976366322009	481	477	476	54	53	-623	4	422	676
chr2	27549694	GTF3C2	ENST00000264720.3	1.94444444444444	2870	2584	2583	-152	-153	-971	286	2735	818
chr2	27549694	GTF3C2	ENST00000359541.2	1.94444444444444	3013	2584	2583	-152	-153	-978	429	2735	825
chr2	36779889	FEZ2	ENST00000305852.7	2.46333333333333	1298	966	965	417	416	-483	332	548	899
chr2	36779889	FEZ2	ENST00000379245.4	2.46077348066298	1608	1560	1559	417	416	-488	48	1142	904
chr2	47387855	CALM2	ENST00000272298.7	2.0864553314121	667	510	509	60	59	-634	157	449	693
chr2	55806886	SMEK2	ENST00000272313.5	1.60871459694989	1724	1397	1396	-898	-899	-3517	327	2294	2618
chr2	55806886	SMEK2	ENST00000345102.5	1.5478431372549	1698	1397	1396	-1153	-1154	-2685	301	2549	1531
chr2	55806886	SMEK2	ENST00000407823.3	1.56927465362673	1733	1397	1396	-1057	-1058	-2590	336	2453	1532
chr2	56149571	EFEMP1	ENST00000355426.3	1.00337381916329	129	5	4	-1477	-1478	-1690	124	1481	212
chr2	56149571	EFEMP1	ENST00000394554.1	1.00337381916329	334	5	4	-1477	-1478	-2582	329	1481	1104
chr2	56149571	EFEMP1	ENST00000394555.2	1.00337381916329	440	5	4	-1477	-1478	-2583	435	1481	1105
chr2	56149571	EFEMP1	ENST00000424836.2	0.278571428571429	77	-202	-203	-1270	-1271	-1731	279	1067	460
chr2	65315278	RAB1A	ENST00000398529.3	2.56109324758842	924	739	738	349	348	-273	185	389	621
chr2	65315278	RAB1A	ENST00000409751.1	2.56109324758842	1059	871	870	349	348	-273	188	521	621
chr2	65315278	RAB1A	ENST00000409784.3	2.21306471306471	1157	967	966	349	348	-1289	190	617	1637
chr2	65315278	RAB1A	ENST00000409892.1	2.21306471306471	964	775	774	349	348	-1289	189	425	1637
chr2	68407680	PPP3R1	ENST00000234310.3	2.19705603038936	1331	928	927	415	414	-1691	403	512	2105
chr2	70507957	PCYOX1	ENST00000433351.2	2.9036588575941	4978	4951	4950	3433	3432	-366	27	1517	3798
chr2	74597857	DCTN1	ENST00000361874.3	1.24472243940579	1256	939	938	-2898	-2899	-3243	317	3836	344
chr2	74597857	DCTN1	ENST00000394003.3	1.24056603773585	1235	918	917	-2898	-2899	-3243	317	3815	344
chr2	74597857	DCTN1	ENST00000407639.2	1.15633187772926	919	537	536	-2898	-2899	-3242	382	3434	343
chr2	74597857	DCTN1	ENST00000409240.1	1.22312045270816	1139	828	827	-2883	-2884	-3225	311	3710	341
chr2	74597857	DCTN1	ENST00000409438.1	1.15701754385965	919	537	536	-2883	-2884	-3225	382	3419	341
chr2	74597857	DCTN1	ENST00000409868.1	1.23548130469372	977	888	887	-2883	-2884	-3224	89	3770	340
chr2	131807076	FAM168B	ENST00000409185.1	2.64545652647636	3657	3550	3549	2962	2961	-1627	107	587	4588
chr2	132249915	MZT2A	ENST00000309451.6	1.07337526205451	80	35	34	-442	-443	-543	45	476	100
chr2	136678109	DARS	ENST00000264161.4	1.5796812749004	1088	873	872	-633	-634	-1272	215	1505	638
chr2	136678109	DARS	ENST00000537273.1	1.47512437810945	838	573	572	-633	-634	-687	265	1205	53
chr2	171818195	GORASP2	ENST00000234160.4	1.62251655629139	1660	846	845	-513	-514	-1512	814	1358	998
chr2	171818195	GORASP2	ENST00000452526.2	1.63225806451613	969	882	881	-513	-514	-1006	87	1394	492
chr2	178096448	NFE2L2	ENST00000397062.3	1.48569856985699	1437	883	882	-935	-936	-1415	554	1817	479
chr2	178096448	NFE2L2	ENST00000397063.4	1.47175141242938	1235	835	834	-935	-936	-1415	400	1769	479
chr2	178096448	NFE2L2	ENST00000446151.2	1.46540880503145	986	814	813	-935	-936	-1412	172	1748	476
chr2	178096448	NFE2L2	ENST00000464747.1	1.47175141242938	1336	835	834	-935	-936	-1412	501	1769	476
chr2	191878788	STAT1	ENST00000361099.3	0.487113402061856	188	-199	-200	-2452	-2453	-4121	387	2252	1668
chr2	191878788	STAT1	ENST00000392322.3	0.349673202614379	106	-199	-200	-2338	-2339	-2609	305	2138	270
chr2	191878788	STAT1	ENST00000392323.2	0.330097087378641	135	-276	-277	-2421	-2422	-2587	411	2144	165
chr2	198351449	HSPD1	ENST00000345042.2	2.69782608695652	2159	2043	2042	321	320	-139	116	1721	459
chr2	198351449	HSPD1	ENST00000388968.3	2.69032258064516	2310	2043	2042	321	320	-144	267	1721	464
chr2	217364116	RPL37A	ENST00000427280.2	1.2059925093633	307	55	54	-212	-213	-390	252	266	177
chr2	217364116	RPL37A	ENST00000441179.2	1.30054644808743	164	55	54	-128	-129	-364	109	182	235
chr2	217364116	RPL37A	ENST00000446558.1	1.55701754385965	146	127	126	-101	-102	-348	19	227	246
chr2	217364116	RPL37A	ENST00000456586.1	1.26570048309179	189	55	54	-152	-153	-211	134	206	58
chr2	217364116	RPL37A	ENST00000491306.1	1.45519713261649	812	127	126	-152	-153	-2299	685	278	2146
chr2	217364116	RPL37A	ENST00000598925.1	1.30054644808743	307	55	54	-128	-129	-328	252	182	199
chr2	217364116	RPL37A	ENST00000600880.1	1.57990867579909	151	127	126	-92	-93	-273	24	218	180
chr2	223799285	ACSL3	ENST00000357430.3	1.87147480351364	2415	1885	1884	-278	-279	-3263	530	2162	2984
chr2	223799285	ACSL3	ENST00000392066.3	1.87147480351364	2300	1885	1884	-278	-279	-846	415	2162	567
chr2	224856614	SERPINE2	ENST00000258405.4	1.4937343358396	833	591	590	-606	-607	-1361	242	1196	754
chr2	224856614	SERPINE2	ENST00000409304.1	1.49497487437186	802	591	590	-603	-604	-1358	211	1193	754
chr2	224856614	SERPINE2	ENST00000409840.3	1.49497487437186	1251	591	590	-603	-604	-1317	660	1193	713
chr2	224856614	SERPINE2	ENST00000447280.2	1.50975609756098	927	627	626	-603	-604	-788	300	1229	184
chr2	230642193	TRIP12	ENST00000283943.5	1.86001003512293	5320	5142	5141	-837	-838	-4553	178	5978	3715
chr2	230642193	TRIP12	ENST00000389044.4	1.86330230279275	5454	5286	5285	-837	-838	-950	168	6122	112
chr2	230642193	TRIP12	ENST00000389045.3	1.83807312826465	4404	4332	4331	-837	-838	-950	72	5168	112
chr2	233244334	ALPP	ENST00000392027.2	1.26181592039801	689	421	420	-1187	-1188	-2281	268	1607	1093
chr2	233347283	ECEL1	ENST00000304546.1	1.73926116838488	1931	1721	1720	-607	-608	-933	210	2327	325
chr2	242291991	SEPT2	ENST00000360051.3	2.30618112122664	2164	1725	1724	639	638	-1448	439	1085	2086
chr2	242291991	SEPT2	ENST00000391971.2	2.30574162679426	1863	1725	1724	639	638	-1451	138	1085	2089
chr2	242291991	SEPT2	ENST00000391973.2	2.30618112122664	2252	1725	1724	639	638	-1448	527	1085	2086
chr2	242291991	SEPT2	ENST00000402092.2	2.30574162679426	1881	1725	1724	639	638	-1451	156	1085	2089
chr2	242291991	SEPT2	ENST00000407971.1	2.30574162679426	1815	1605	1604	639	638	-1451	210	965	2089
chr20	1350457	FKBP1A	ENST00000381724.3	2.55954631379962	742	608	607	296	295	-233	134	311	528
chr20	1350457	FKBP1A	ENST00000400137.4	2.26171529619805	786	623	622	296	295	-835	163	326	1130
chr20	17581686	DSTN	ENST00000246069.7	1.61646586345382	652	307	306	-191	-192	-2964	345	497	2772
chr20	17581686	DSTN	ENST00000474024.1	1.57270693512304	565	256	255	-191	-192	-1287	309	446	1095
chr20	30754889	TM9SF4	ENST00000217315.5	2.90518191841235	3859	3520	3519	1642	1641	-172	339	1877	1813
chr20	30754889	TM9SF4	ENST00000398022.2	2.90518191841235	3805	3571	3570	1642	1641	-172	234	1928	1813
chr20	34240294	RBM12	ENST00000359646.1	2.06381192275399	3101	2951	2950	152	151	-2230	150	2798	2381
chr20	34240294	RBM12	ENST00000374104.3	2.06915377616015	3166	2951	2950	152	151	-2046	215	2798	2197
chr20	34240294	RBM12	ENST00000374114.3	2.04223395387608	3214	2951	2950	152	151	-3447	263	2798	3598
chr20	43379578	KCNK15	ENST00000372861.3	2.50510204081633	1222	1092	1091	99	98	-97	130	992	195
chr20	44047503	PIGT	ENST00000279036.6	1.21704087507196	456	377	376	-1360	-1361	-1778	79	1736	417
chr20	44047503	PIGT	ENST00000372689.5	1.24544270833333	396	377	376	-1159	-1160	-1574	19	1535	414
chr20	44047503	PIGT	ENST00000535404.1	1.01022012578616	390	13	12	-1259	-1260	-1300	377	1271	40
chr20	44527161	CTSA	ENST00000191018.5	2.19459459459459	1599	1515	1514	72	71	-298	84	1442	369
chr20	44527161	CTSA	ENST00000354880.5	2.19459459459459	1521	1518	1517	72	71	-298	3	1445	369
chr20	44527161	CTSA	ENST00000372459.2	2.21428571428571	1707	1515	1514	72	71	-264	192	1442	335
chr20	44527161	CTSA	ENST00000372484.3	2.19459459459459	1850	1569	1568	72	71	-298	281	1496	369
chr20	57603866	ATP5E	ENST00000243997.3	2.01006512729426	320	190	189	34	33	-3344	130	155	3377
chr20	57603866	ATP5E	ENST00000395659.1	2.91830466830467	1744	1651	1650	1495	1494	-133	93	155	1627
chr21	27372403	APP	ENST00000346798.3	1.41504539559014	993	960	959	-1353	-1354	-2473	33	2312	1119
chr21	27372403	APP	ENST00000357903.3	1.42553191489362	1126	960	959	-1296	-1297	-2416	166	2255	1119
chr21	27372403	APP	ENST00000358918.3	1.42496679946879	1159	960	959	-1299	-1300	-2418	199	2258	1118
chr21	27372403	APP	ENST00000439274.2	1.36923076923077	825	792	791	-1353	-1354	-1691	33	2144	337
chr21	27372403	APP	ENST00000440126.3	1.42168674698795	1210	945	944	-1296	-1297	-1635	265	2240	338
chr21	45557067	C21orf33	ENST00000291577.6	1.39281288723668	409	317	316	-490	-491	-1264	92	806	773
chr21	45557067	C21orf33	ENST00000348499.5	1.44397759103641	334	317	316	-397	-398	-1171	17	713	773
chr21	45557067	C21orf33	ENST00000427803.2	1.48470948012232	396	317	316	-337	-338	-680	79	653	342
chr22	19165476	SLC25A1	ENST00000215882.5	1.30021367521368	437	281	280	-655	-656	-1203	156	935	547
chr22	19165476	SLC25A1	ENST00000451283.1	0.92	321	-28	-29	-655	-656	-1192	349	626	536
chr22	24967979	SNRPD3	ENST00000215829.3	2.04276729559748	1001	415	414	34	33	-761	586	380	794
chr22	29951635	NIPSNAP1	ENST00000216121.7	2.2564330079858	1398	1144	1143	289	288	-838	254	854	1126
chr22	35820401	MCM5	ENST00000216122.4	2.13021276595745	2511	2358	2357	153	152	-1022	153	2204	1174
chr22	35820401	MCM5	ENST00000382011.5	2.6219512195122	2308	2229	2228	153	152	-93	79	2075	245
chr22	41220903	ST13	ENST00000216218.3	2.81827259111333	3230	2749	2748	1639	1638	-364	481	1109	2002
chr3	12881863	RPL32	ENST00000396953.2	0.902476780185758	1165	-126	-127	-534	-535	-568	1291	407	33
chr3	13413347	NUP210	ENST00000254508.5	1.31302966101695	1855	1773	1772	-3891	-3892	-5335	82	5663	1443
chr3	23959343	RPL15	ENST00000307839.5	0.989045383411581	631	-7	-8	-622	-623	-2098	638	614	1475
chr3	23959343	RPL15	ENST00000354811.5	0.954838709677419	147	-7	-8	-622	-623	-672	154	614	49
chr3	23959343	RPL15	ENST00000413699.1	0.941176470588235	111	-7	-8	-622	-623	-1941	118	614	1318
chr3	23959343	RPL15	ENST00000415719.1	0.958579881656805	161	-7	-8	-622	-623	-668	168	614	45
chr3	23959343	RPL15	ENST00000435882.1	0.955696202531646	150	-7	-8	-622	-623	-912	157	614	289
chr3	23959343	RPL15	ENST00000456530.2	0.844444444444444	37	-7	-8	-445	-446	-2462	44	437	2016
chr3	23959343	RPL15	ENST00000307839.5	0.989045383411581	631	-7	-8	-622	-623	-2098	638	614	1475
chr3	23959343	RPL15	ENST00000354811.5	0.954838709677419	147	-7	-8	-622	-623	-672	154	614	49
chr3	23959343	RPL15	ENST00000413699.1	0.941176470588235	111	-7	-8	-622	-623	-1941	118	614	1318
chr3	23959343	RPL15	ENST00000415719.1	0.958579881656805	161	-7	-8	-622	-623	-668	168	614	45
chr3	23959343	RPL15	ENST00000435882.1	0.955696202531646	150	-7	-8	-622	-623	-912	157	614	289
chr3	23959343	RPL15	ENST00000456530.2	0.844444444444444	37	-7	-8	-445	-446	-2462	44	437	2016
chr3	23959343	RPL15	ENST00000307839.5	0.989045383411581	631	-7	-8	-622	-623	-2098	638	614	1475
chr3	23959343	RPL15	ENST00000354811.5	0.954838709677419	147	-7	-8	-622	-623	-672	154	614	49
chr3	23959343	RPL15	ENST00000413699.1	0.941176470588235	111	-7	-8	-622	-623	-1941	118	614	1318
chr3	23959343	RPL15	ENST00000415719.1	0.958579881656805	161	-7	-8	-622	-623	-668	168	614	45
chr3	23959343	RPL15	ENST00000435882.1	0.955696202531646	150	-7	-8	-622	-623	-912	157	614	289
chr3	23959343	RPL15	ENST00000456530.2	0.844444444444444	37	-7	-8	-445	-446	-2462	44	437	2016
chr3	23959343	RPL15	ENST00000307839.5	0.989045383411581	631	-7	-8	-622	-623	-2098	638	614	1475
chr3	23959343	RPL15	ENST00000354811.5	0.954838709677419	147	-7	-8	-622	-623	-672	154	614	49
chr3	23959343	RPL15	ENST00000413699.1	0.941176470588235	111	-7	-8	-622	-623	-1941	118	614	1318
chr3	23959343	RPL15	ENST00000415719.1	0.958579881656805	161	-7	-8	-622	-623	-668	168	614	45
chr3	23959343	RPL15	ENST00000435882.1	0.955696202531646	150	-7	-8	-622	-623	-912	157	614	289
chr3	23959343	RPL15	ENST00000456530.2	0.844444444444444	37	-7	-8	-445	-446	-2462	44	437	2016
chr3	33055767	GLB1	ENST00000307363.5	1.74483775811209	1659	1515	1514	-519	-520	-956	144	2033	436
chr3	33055767	GLB1	ENST00000307377.8	1.68372943327239	1182	1122	1121	-519	-520	-835	60	1640	315
chr3	33055767	GLB1	ENST00000399402.3	1.73302469135802	1556	1425	1424	-519	-520	-955	131	1943	435
chr3	33055767	GLB1	ENST00000445488.2	1.76170798898072	1719	1659	1658	-519	-520	-837	60	2177	317
chr3	33186328	CRTAP	ENST00000320954.6	2.44845070422535	3692	3594	3593	2388	2387	-2937	98	1205	5324
chr3	49067714	QRICH1	ENST00000357496.2	2.32884615384615	2733	2502	2501	171	170	-349	231	2330	519
chr3	49067714	QRICH1	ENST00000395443.2	2.22953020134228	2974	2502	2501	171	170	-574	472	2330	744
chr3	49067714	QRICH1	ENST00000424300.1	2.7125	2939	2502	2501	171	170	-69	437	2330	239
chr3	52725562	GNL3	ENST00000394799.2	1.46468401486989	959	750	749	-864	-865	-1081	209	1613	216
chr3	52725562	GNL3	ENST00000418458.1	1.47636363636364	958	786	785	-864	-865	-1081	172	1649	216
chr3	69154418	ARL6IP5	ENST00000273258.3	2.44125874125874	1301	1198	1197	631	630	-799	103	566	1429
chr3	69154418	ARL6IP5	ENST00000478935.1	2.30995670995671	651	625	624	358	357	-797	26	266	1154
chr3	100103361	TOMM70A	ENST00000284320.5	1.38149972632731	1145	697	696	-1130	-1131	-3263	448	1826	2132
chr3	107799041	CD47	ENST00000355354.7	1.21459694989107	313	197	196	-721	-722	-4706	116	917	3984
chr3	107799041	CD47	ENST00000361309.5	1.20267489711934	302	197	196	-775	-776	-982	105	971	206
chr3	127292472	TPRA1	ENST00000296210.7	1.96371882086168	1164	850	849	-32	-33	-560	314	881	527
chr3	127292472	TPRA1	ENST00000355552.3	1.90374331550802	1390	1014	1013	-108	-109	-542	376	1121	433
chr3	127292472	TPRA1	ENST00000450633.2	1.90374331550802	1304	1014	1013	-108	-109	-560	290	1121	451
chr3	127292472	TPRA1	ENST00000489960.1	1.90374331550802	1419	1014	1013	-108	-109	-483	405	1121	374
chr3	128889289	CNBP	ENST00000422453.2	2.00722394220846	701	541	540	7	6	-962	160	533	968
chr3	128889289	CNBP	ENST00000441626.2	2.01994301994302	695	547	546	7	6	-344	148	539	350
chr3	128889289	CNBP	ENST00000446936.2	2.00724637681159	663	526	525	7	6	-959	137	518	965
chr3	128889289	CNBP	ENST00000451728.2	2.00724637681159	681	544	543	7	6	-959	137	536	965
chr3	128889289	CNBP	ENST00000500450.2	2.0079185520362	638	490	489	7	6	-877	148	482	883
chr3	128889289	CNBP	ENST00000502976.1	2.00722394220846	663	520	519	7	6	-962	143	512	968
chr3	128889289	CNBP	ENST00000504813.1	2.0079185520362	671	511	510	7	6	-877	160	503	883
chr3	142747418	U2SURP	ENST00000397933.2	1.16800858829844	1594	313	312	-1550	-1551	-5825	1281	1862	4274
chr3	142747418	U2SURP	ENST00000473835.2	1.49838187702265	1629	1540	1539	-1550	-1551	-5646	89	3089	4095
chr3	142747418	U2SURP	ENST00000493598.2	1.49789439585358	1544	1537	1536	-1550	-1551	-1946	7	3086	395
chr3	154033889	DHX36	ENST00000308361.6	1.10442176870748	350	307	306	-2633	-2634	-3136	43	2939	502
chr3	154033889	DHX36	ENST00000496811.1	1.10142054839775	387	307	306	-2720	-2721	-6345	80	3026	3624
chr3	154033889	DHX36	ENST00000544526.1	1.10284757118928	387	307	306	-2678	-2679	-3180	80	2984	501
chr3	155623976	GMPS	ENST00000295920.7	1.08571428571429	373	153	152	-1632	-1633	-1650	220	1784	17
chr3	155623976	GMPS	ENST00000496455.2	1.21613832853026	784	450	449	-1632	-1633	-7966	334	2081	6333
chr3	179110543	MFN1	ENST00000280653.7	2.60051768766178	2714	2589	2588	696	695	-463	125	1892	1158
chr3	179110543	MFN1	ENST00000471841.1	2.24233983286908	3047	2922	2921	696	695	-2176	125	2225	2871
chr3	179306708	MRPL47	ENST00000259038.2	1.93073593073593	660	645	644	-48	-49	-465	15	692	416
chr3	179306708	MRPL47	ENST00000392659.2	1.88652482269504	583	375	374	-48	-49	-89	208	422	40
chr3	179306708	MRPL47	ENST00000476781.1	1.93625498007968	734	705	704	-48	-49	-635	29	752	586
chr3	180694447	FXR1	ENST00000305586.7	2.4252607184241	2780	1978	1977	367	366	-496	802	1610	862
chr3	180694447	FXR1	ENST00000357559.4	2.056802352577	2616	2233	2232	367	366	-6094	383	1865	6460
chr3	180694447	FXR1	ENST00000445140.2	2.51229105211406	2154	2141	2140	521	520	-496	13	1619	1016
chr4	26433471	RBPJ	ENST00000342320.4	2.21523517382413	2478	2303	2302	842	841	-3070	175	1460	3911
chr4	48850445	OCIAD1	ENST00000264312.7	1.30216802168022	412	223	222	-515	-516	-1001	189	737	485
chr4	48850445	OCIAD1	ENST00000381473.3	1.30216802168022	640	223	222	-515	-516	-953	417	737	437
chr4	48850445	OCIAD1	ENST00000396448.2	1.39539007092199	412	223	222	-341	-342	-893	189	563	551
chr4	48850445	OCIAD1	ENST00000425583.2	1.38119658119658	497	223	222	-362	-363	-1417	274	584	1054
chr4	48850445	OCIAD1	ENST00000444354.2	1.38119658119658	369	223	222	-362	-363	-1386	146	584	1023
chr4	48850445	OCIAD1	ENST00000506801.1	1.14420803782506	180	61	60	-362	-363	-390	119	422	27
chr4	48850445	OCIAD1	ENST00000508293.1	1.30216802168022	453	223	222	-515	-516	-969	230	737	453
chr4	48850445	OCIAD1	ENST00000509122.1	1.21613394216134	201	142	141	-515	-516	-1002	59	656	486
chr4	48850445	OCIAD1	ENST00000513391.2	1.30216802168022	284	223	222	-515	-516	-1003	61	737	487
chr4	48850446	OCIAD1	ENST00000264312.7	1.30352303523035	413	224	223	-514	-515	-1000	189	737	485
chr4	48850446	OCIAD1	ENST00000381473.3	1.30352303523035	641	224	223	-514	-515	-952	417	737	437
chr4	48850446	OCIAD1	ENST00000396448.2	1.39716312056738	413	224	223	-340	-341	-892	189	563	551
chr4	48850446	OCIAD1	ENST00000425583.2	1.38290598290598	498	224	223	-361	-362	-1416	274	584	1054
chr4	48850446	OCIAD1	ENST00000444354.2	1.38290598290598	370	224	223	-361	-362	-1385	146	584	1023
chr4	48850446	OCIAD1	ENST00000506801.1	1.14657210401891	181	62	61	-361	-362	-389	119	422	27
chr4	48850446	OCIAD1	ENST00000508293.1	1.30352303523035	454	224	223	-514	-515	-968	230	737	453
chr4	48850446	OCIAD1	ENST00000509122.1	1.21765601217656	202	143	142	-514	-515	-1001	59	656	486
chr4	48850446	OCIAD1	ENST00000513391.2	1.30352303523035	285	224	223	-514	-515	-1002	61	737	487
chr4	95588348	PDLIM5	ENST00000317968.4	2.75312800769971	5056	4921	4920	3130	3129	-1026	135	1790	4155
chr4	95588348	PDLIM5	ENST00000437932.1	2.75258475595095	4744	4594	4593	3130	3129	-1029	150	1463	4158
chr4	129191455	PGRMC2	ENST00000296425.5	2.48987463837994	1708	1688	1687	1016	1015	-1058	20	671	2073
chr4	129191455	PGRMC2	ENST00000394276.3	2.49320388349515	1813	1151	1150	1016	1015	-1044	662	134	2059
chr4	129191455	PGRMC2	ENST00000520121.1	2.48987463837994	2726	1760	1759	1016	1015	-1058	966	743	2073
chr5	893099	TRIP13	ENST00000166345.3	0.960674157303371	341	-14	-15	-1313	-1314	-2330	355	1298	1016
chr5	1474697	LPCAT1	ENST00000283415.3	1.62492211838006	1135	1003	1002	-602	-603	-2830	132	1604	2227
chr5	6668814	SRD5A1	ENST00000274192.5	2.33462132921175	1446	1213	1212	433	432	-861	233	779	1293
chr5	6668814	SRD5A1	ENST00000537411.1	2.88650306748466	1864	1741	1740	1156	1155	-148	123	584	1303
chr5	10400939	MARCH6	ENST00000274140.5	1.35016465422613	1088	957	956	-1776	-1777	-8480	131	2732	6703
chr5	10400939	MARCH6	ENST00000449913.2	1.31402085747393	1008	813	812	-1776	-1777	-2053	195	2588	276
chr5	10400939	MARCH6	ENST00000503788.1	1.26550868486352	824	642	641	-1776	-1777	-2049	182	2417	272
chr5	38458415	EGFLAM	ENST00000322350.5	1.88778877887789	3035	2690	2689	-340	-341	-1375	345	3029	1034
chr5	38458415	EGFLAM	ENST00000336740.6	1.85395189003436	2328	1988	1987	-340	-341	-742	340	2327	401
chr5	38458415	EGFLAM	ENST00000354891.3	1.88867059593975	3059	2714	2713	-340	-341	-903	345	3053	562
chr5	38458415	EGFLAM	ENST00000397202.2	1.69858156028369	1494	788	787	-340	-341	-903	706	1127	562
chr5	38458415	EGFLAM	ENST00000397210.3	1.25925925925926	388	119	118	-340	-341	-910	269	458	569
chr5	38458415	EGFLAM	ENST00000506135.1	1.25925925925926	397	119	118	-340	-341	-491	278	458	150
chr5	38458415	EGFLAM	ENST00000514476.1	1.25925925925926	270	119	118	-340	-341	-405	151	458	64
chr5	38885513	OSMR	ENST00000274276.3	1.26054421768707	1167	766	765	-2174	-2175	-4371	401	2939	2196
chr5	38885513	OSMR	ENST00000502536.1	1.7444120505345	1047	766	765	-263	-264	-692	281	1028	428
chr5	65375935	ERBB2IP	ENST00000284037.5	2.39238616571286	6204	5816	5815	1577	1576	-2442	388	4238	4018
chr5	65375935	ERBB2IP	ENST00000380935.1	2.63282504012841	5775	5486	5485	1577	1576	-915	289	3908	2491
chr5	65375935	ERBB2IP	ENST00000380936.1	2.63282504012841	5889	5600	5599	1577	1576	-915	289	4022	2491
chr5	65375935	ERBB2IP	ENST00000380939.2	2.63282504012841	5949	5660	5659	1577	1576	-915	289	4082	2491
chr5	65375935	ERBB2IP	ENST00000380943.2	2.79405840886203	6000	5693	5692	1577	1576	-409	307	4115	1985
chr5	68419196	SLC30A5	ENST00000396591.3	1.84508268059182	2551	1942	1941	-356	-357	-1808	609	2297	1451
chr5	72199554	TNPO1	ENST00000337273.5	1.93919169447534	2958	2533	2532	-164	-165	-8224	425	2696	8059
chr5	72199554	TNPO1	ENST00000454282.1	1.93561052218296	2529	2383	2382	-164	-165	-5879	146	2546	5714
chr5	72199554	TNPO1	ENST00000506351.2	1.93864571642349	2585	2509	2508	-164	-165	-442	76	2672	277
chr5	72199554	TNPO1	ENST00000523768.1	1.93561052218296	2448	2383	2382	-164	-165	-183	65	2546	18
chr5	79950350	DHFR	ENST00000439211.2	0.917004048582996	452	-41	-42	-605	-606	-3464	493	563	2858
chr5	79950350	DHFR	ENST00000504396.1	0.16	27	-147	-148	-555	-556	-1419	174	407	863
chr5	79950350	DHFR	ENST00000505337.1	0.778378378378378	143	-41	-42	-605	-606	-1575	184	563	969
chr5	79950350	DHFR	ENST00000511032.1	0.349206349206349	21	-41	-42	-431	-432	-1452	62	389	1020
chr5	94838684	TTC37	ENST00000358746.2	1.69030883919063	3539	3241	3240	-1454	-1455	-2166	298	4694	711
chr5	94842703	TTC37	ENST00000358746.2	1.64472843450479	3325	3027	3026	-1668	-1669	-2380	298	4694	711
chr5	108714952	PJA2	ENST00000361189.2	1.11095439586272	475	236	235	-1891	-1892	-4413	239	2126	2521
chr5	108714952	PJA2	ENST00000361557.3	1.11095439586272	327	236	235	-1891	-1892	-4409	91	2126	2517
chr5	114951545	TMED7	ENST00000456936.3	2.13365420214735	1416	1036	1035	361	360	-2340	380	674	2700
chr5	118862836	HSD17B4	ENST00000256216.6	1.76390773405699	1821	1689	1688	-522	-523	-861	132	2210	338
chr5	118862836	HSD17B4	ENST00000414835.2	1.70854271356784	1690	1269	1268	-522	-523	-860	421	1790	337
chr5	118862836	HSD17B4	ENST00000504811.1	1.77165354330709	1947	1764	1763	-522	-523	-792	183	2285	269
chr5	118862836	HSD17B4	ENST00000509514.1	1.63368421052632	1533	903	902	-522	-523	-780	630	1424	257
chr5	118862836	HSD17B4	ENST00000510025.1	1.75596072931276	1791	1617	1616	-522	-523	-797	174	2138	274
chr5	118862836	HSD17B4	ENST00000513628.1	1.71	1522	1278	1277	-522	-523	-702	244	1799	179
chr5	118862836	HSD17B4	ENST00000515320.1	1.75799721835883	1713	1635	1634	-522	-523	-780	78	2156	257
chr5	133532876	PPP2CA	ENST00000481195.1	2.17073880162885	1797	1517	1516	587	586	-2851	280	929	3437
chr5	137087932	HNRNPA0	ENST00000314940.4	2.51389676687465	2107	1824	1823	906	905	-857	283	917	1762
chr5	137729027	KDM3B	ENST00000314358.5	1.52913356034809	2996	2797	2796	-2489	-2490	-3816	199	5285	1326
chr5	137729027	KDM3B	ENST00000542866.1	0.665625	212	-107	-108	-2489	-2490	-2821	319	2381	331
chr5	137804537	EGR1	ENST00000239938.4	2.62155591572123	2670	2399	2398	767	766	-467	271	1631	1233
chr5	138356956	SIL1	ENST00000265195.5	1.48412698412698	816	671	670	-715	-716	-1078	145	1385	362
chr5	138356956	SIL1	ENST00000394817.2	1.48412698412698	810	671	670	-715	-716	-1112	139	1385	396
chr5	138356956	SIL1	ENST00000509534.1	1.49182658137882	904	692	691	-715	-716	-809	212	1406	93
chr5	138362498	SIL1	ENST00000265195.5	1.45959595959596	782	637	636	-749	-750	-1112	145	1385	362
chr5	138362498	SIL1	ENST00000394817.2	1.45959595959596	776	637	636	-749	-750	-1146	139	1385	396
chr5	138362498	SIL1	ENST00000509534.1	1.46766169154229	870	658	657	-749	-750	-843	212	1406	93
chr5	140908109	DIAPH1	ENST00000253811.6	1.80115122972266	3202	3062	3061	-760	-761	-2589	140	3821	1828
chr5	140908109	DIAPH1	ENST00000389054.3	1.8005249343832	3190	3050	3049	-760	-761	-2595	140	3809	1834
chr5	140908109	DIAPH1	ENST00000389057.5	1.79957805907173	3172	3032	3031	-760	-761	-2589	140	3791	1828
chr5	140908109	DIAPH1	ENST00000398557.4	1.80099502487562	3199	3059	3058	-760	-761	-2589	140	3818	1828
chr5	140908109	DIAPH1	ENST00000398562.2	1.79717107018948	3127	2987	2986	-760	-761	-2589	140	3746	1828
chr5	140908109	DIAPH1	ENST00000398566.3	1.79973649538867	3175	3035	3034	-760	-761	-2589	140	3794	1828
chr5	140908109	DIAPH1	ENST00000520569.1	1.79166666666667	2905	2888	2887	-760	-761	-2589	17	3647	1828
chr5	145547822	LARS	ENST00000274562.9	1.06376811594203	343	220	219	-3230	-3231	-3425	123	3449	194
chr5	145547822	LARS	ENST00000394434.2	1.08524497309544	467	301	300	-3230	-3231	-4298	166	3530	1067
chr5	145547822	LARS	ENST00000510191.1	1.04125853368952	311	139	138	-3230	-3231	-3425	172	3368	194
chr5	162945584	MAT2B	ENST00000280969.5	2.22096608427544	1467	1187	1186	215	214	-758	280	971	972
chr5	162945584	MAT2B	ENST00000321757.6	2.22419186652763	1358	1220	1219	215	214	-744	138	1004	958
chr5	162945584	MAT2B	ENST00000518095.1	2.70696400625978	2659	2587	2586	1807	1806	-749	72	779	2555
chr5	167924236	RARS	ENST00000231572.3	1.35552193645991	758	705	704	-1278	-1279	-1387	53	1982	108
chr5	167924236	RARS	ENST00000538719.1	1.06373626373626	603	87	86	-1278	-1279	-1386	516	1364	107
chr5	172461673	ATP6V0E1	ENST00000265093.4	2.5811320754717	550	506	505	308	307	-222	44	197	529
chr5	172461673	ATP6V0E1	ENST00000519374.1	2.28439519852262	657	554	553	308	307	-775	103	245	1082
chr5	172461673	ATP6V0E1	ENST00000519911.1	2.53579175704989	503	424	423	247	246	-214	79	176	460
chr6	7289872	SSR1	ENST00000244763.4	2.02579979360165	1172	1086	1085	225	224	-8496	86	860	8720
chr6	7289872	SSR1	ENST00000397511.2	2.09808195292066	1178	1101	1100	225	224	-2069	77	875	2293
chr6	7289872	SSR1	ENST00000489567.1	2.19035532994924	935	882	881	225	224	-957	53	656	1181
chr6	7289872	SSR1	ENST00000534851.1	2.09812472743131	1086	1005	1004	225	224	-2068	81	779	2292
chr6	10410512	TFAP2A	ENST00000319516.4	1.06912442396313	277	90	89	-1212	-1213	-1757	187	1301	544
chr6	10410512	TFAP2A	ENST00000379604.2	1.07762557077626	353	102	101	-1212	-1213	-2946	251	1313	1733
chr6	10410512	TFAP2A	ENST00000379608.3	1.06481481481481	861	84	83	-1212	-1213	-1714	777	1295	501
chr6	10410512	TFAP2A	ENST00000379613.3	1.08181818181818	364	108	107	-1212	-1213	-2952	256	1319	1739
chr6	10410512	TFAP2A	ENST00000482890.1	1.07762557077626	454	102	101	-1212	-1213	-1616	352	1313	403
chr6	18264749	DEK	ENST00000244776.7	0.144578313253012	23	-142	-143	-1168	-1169	-1417	165	1025	248
chr6	18264749	DEK	ENST00000397239.3	0.683035714285714	305	-142	-143	-1270	-1271	-3121	447	1127	1850
chr6	31749303	VARS	ENST00000375663.3	1.65849802371541	2939	2499	2498	-1296	-1297	-1372	440	3794	75
chr6	31805021	C6orf48	ENST00000375633.1	0.673151750972763	172	-84	-85	-312	-313	-413	256	227	100
chr6	31805021	C6orf48	ENST00000375635.2	0.704225352112676	199	-84	-85	-312	-313	-410	283	227	97
chr6	31805021	C6orf48	ENST00000375638.3	0.838771593090211	436	-84	-85	-312	-313	-410	520	227	97
chr6	31805021	C6orf48	ENST00000375639.2	0.782383419689119	301	-84	-85	-312	-313	-410	385	227	97
chr6	31805021	C6orf48	ENST00000375640.3	0.884456671251719	642	-84	-85	-312	-313	-410	726	227	97
chr6	31805021	C6orf48	ENST00000375641.2	0.695652173913043	191	-84	-85	-312	-313	-410	275	227	97
chr6	31805021	C6orf48	ENST00000375642.2	0.867924528301887	551	-84	-85	-312	-313	-410	635	227	97
chr6	31805021	C6orf48	ENST00000395788.3	0.827160493827161	401	-84	-85	-312	-313	-413	485	227	100
chr6	31805021	C6orf48	ENST00000395789.1	0.865814696485623	541	-84	-85	-312	-313	-410	625	227	97
chr6	33257387	PFDN6	ENST00000374606.5	0.0610687022900763	15	-246	-247	-636	-637	-724	261	389	87
chr6	33257387	PFDN6	ENST00000374607.1	0.0869565217391304	9	-105	-106	-495	-496	-571	114	389	75
chr6	33257387	PFDN6	ENST00000374610.2	0.12280701754386	13	-100	-101	-490	-491	-507	113	389	16
chr6	33257387	PFDN6	ENST00000395131.1	0.761083743842365	308	-97	-98	-487	-488	-575	405	389	87
chr6	33272850	TAPBP	ENST00000426633.2	1.51749174917492	954	784	783	-731	-732	-933	170	1514	201
chr6	33272850	TAPBP	ENST00000434618.2	1.58203414996288	1129	784	783	-563	-564	-2629	345	1346	2065
chr6	33272850	TAPBP	ENST00000475304.1	1.59814418272662	1047	838	837	-563	-564	-638	209	1400	74
chr6	35801790	SRPK1	ENST00000373822.1	2.56872246696035	3378	2935	2934	1291	1290	-979	443	1643	2269
chr6	35801790	SRPK1	ENST00000373825.2	2.55218135158255	3544	3259	3258	1291	1290	-1047	285	1967	2337
chr6	35801790	SRPK1	ENST00000423325.2	2.56872246696035	3377	3211	3210	1291	1290	-979	166	1919	2269
chr6	44394272	CDC5L	ENST00000371477.3	1.70734744707347	2002	1704	1703	-705	-706	-4420	298	2408	3714
chr6	56417422	DST	ENST00000244364.6	1.53486723382315	8506	8299	8298	-7217	-7218	-8235	207	15515	1017
chr6	56417422	DST	ENST00000361203.3	1.69396051103368	15542	15535	15534	-6851	-6852	-6888	7	22385	36
chr6	56417422	DST	ENST00000370788.2	1.57521081349206	9796	9277	9276	-6851	-6852	-7860	519	16127	1008
chr6	56417422	DST	ENST00000446842.2	1.66984039372614	14670	14563	14562	-7178	-7179	-8194	107	21740	1015
chr6	57049214	BAG2	ENST00000370693.5	2.04004961899699	1233	862	861	226	225	-5417	371	635	5642
chr6	57049214	BAG2	ENST00000545080.1	2.44313725490196	967	763	762	226	225	-284	204	536	509
chr6	82880198	IBTK	ENST00000306270.7	2.65464632454924	5555	5006	5005	944	943	-498	549	4061	1441
chr6	83921496	ME1	ENST00000369705.3	2.0957654723127	1982	1866	1865	147	146	-1388	116	1718	1534
chr6	83921496	ME1	ENST00000541327.1	2.42485549132948	1672	1368	1367	147	146	-199	304	1220	345
chr6	83921496	ME1	ENST00000543031.1	2.67123287671233	1855	1641	1640	147	146	-72	214	1493	218
chr6	97339030	NDUFAF4	ENST00000316149.7	1.90530303030303	557	478	477	-50	-51	-1841	79	527	1790
chr6	108582177	SNX3	ENST00000230085.8	0.849557522123894	287	-51	-52	-540	-541	-1467	338	488	926
chr6	108582177	SNX3	ENST00000349379.5	0.842105263157895	271	-51	-52	-474	-475	-618	322	422	143
chr6	111213569	AMD1	ENST00000368876.1	1.41478696741855	475	331	330	-467	-468	-2564	144	797	2096
chr6	111213569	AMD1	ENST00000368877.5	1.49128540305011	771	451	450	-467	-468	-833	320	917	365
chr6	111213569	AMD1	ENST00000368882.3	1.16755793226381	556	94	93	-467	-468	-2564	462	560	2096
chr6	111213569	AMD1	ENST00000368885.3	1.53532338308458	873	538	537	-467	-468	-2564	335	1004	2096
chr6	111213569	AMD1	ENST00000451850.2	1.27596899224806	499	178	177	-467	-468	-681	321	644	213
chr6	136667059	MAP7	ENST00000354570.3	1.96622222222222	2584	2174	2173	-76	-77	-1567	410	2249	1490
chr6	136667059	MAP7	ENST00000432797.2	1.95805739514349	2351	1736	1735	-76	-77	-443	615	1811	366
chr6	136667059	MAP7	ENST00000438100.2	1.96553287981859	2147	2129	2128	-76	-77	-474	18	2204	397
chr6	136667059	MAP7	ENST00000454590.1	1.96718480138169	2357	2240	2239	-76	-77	-761	117	2315	684
chr6	136667059	MAP7	ENST00000544465.1	1.96553287981859	2221	2129	2128	-76	-77	-522	92	2204	445
chr6	153296738	FBXO5	ENST00000229758.3	1.09077380952381	180	122	121	-1222	-1223	-1856	58	1343	633
chr6	153296738	FBXO5	ENST00000367241.3	0.958005249343832	364	-16	-17	-1222	-1223	-1856	380	1205	633
chr7	1516290	INTS1	ENST00000404767.3	1.77088087631219	5152	5067	5066	-1506	-1507	-1806	85	6572	299
chr7	6063990	EIF2AK1	ENST00000199389.6	2.1295914156005	2353	2207	2206	314	313	-2109	146	1892	2422
chr7	6502549	KDELR2	ENST00000258739.4	2.10825242718447	1046	862	861	223	222	-1837	184	638	2059
chr7	6844662	CCZ1B	ENST00000316731.8	1.69910282953761	1585	1013	1012	-436	-437	-1299	572	1448	862
chr7	6844662	CCZ1B	ENST00000538180.1	1.57254901960784	916	584	583	-436	-437	-719	332	1019	282
chr7	42957104	PSMA2	ENST00000223321.4	2.09677419354839	838	774	773	69	68	-644	64	704	712
chr7	42957104	PSMA2	ENST00000445517.1	2.42857142857143	590	564	563	69	68	-92	26	494	160
chr7	44875162	H2AFV	ENST00000222690.6	1.84347826086957	396	291	290	-54	-55	-3407	105	344	3352
chr7	44875162	H2AFV	ENST00000308153.4	1.75193798449612	382	291	290	-96	-97	-369	91	386	272
chr7	44875162	H2AFV	ENST00000349299.3	1.64835164835165	226	177	176	-96	-97	-369	49	272	272
chr7	44875162	H2AFV	ENST00000350771.3	1.68932038834951	317	213	212	-96	-97	-369	104	308	272
chr7	44875162	H2AFV	ENST00000437072.1	1.76623376623377	287	177	176	-54	-55	-301	110	230	246
chr7	44875162	H2AFV	ENST00000446531.1	1.78861788617886	402	291	290	-78	-79	-638	111	368	559
chr7	51097040	COBL	ENST00000265136.7	1.46302165874274	1918	1753	1752	-2033	-2034	-3372	165	3785	1338
chr7	51097040	COBL	ENST00000395542.2	1.49578373015873	2183	1999	1998	-2033	-2034	-3371	184	4031	1337
chr7	75518106	RHBDD2	ENST00000006777.6	2.76748251748252	1668	1534	1533	439	438	-133	134	1094	571
chr7	75518106	RHBDD2	ENST00000318622.4	2.76083188908146	1739	1111	1110	439	438	-138	628	671	576
chr7	75518106	RHBDD2	ENST00000428119.1	2.76748251748252	1140	1111	1110	439	438	-133	29	671	571
chr7	100470818	TRIP6	ENST00000200457.4	1.92522711390636	1683	1324	1323	-107	-108	-258	359	1430	150
chr7	102944422	PMPCB	ENST00000249269.4	1.40204081632653	628	591	590	-879	-880	-1843	37	1469	963
chr7	102944422	PMPCB	ENST00000420236.2	1.22772277227723	989	276	275	-936	-937	-1395	713	1211	458
chr7	102944422	PMPCB	ENST00000428154.1	1.40122199592668	615	591	590	-882	-883	-1098	24	1472	215
chr7	102952257	PMPCB	ENST00000249269.4	1.84557823129252	1280	1243	1242	-227	-228	-1191	37	1469	963
chr7	102952257	PMPCB	ENST00000420236.2	1.76567656765677	1641	928	927	-284	-285	-743	713	1211	458
chr7	102952257	PMPCB	ENST00000428154.1	1.8438560760353	1267	1243	1242	-230	-231	-446	24	1472	215
chr7	102952258	PMPCB	ENST00000249269.4	1.84625850340136	1281	1244	1243	-226	-227	-1190	37	1469	963
chr7	102952258	PMPCB	ENST00000420236.2	1.76650165016502	1642	929	928	-283	-284	-742	713	1211	458
chr7	102952258	PMPCB	ENST00000428154.1	1.84453496266124	1268	1244	1243	-229	-230	-445	24	1472	215
chr7	128410046	CALU	ENST00000249364.4	2.35760728218466	1874	1773	1772	825	824	-1482	101	947	2306
chr7	128410046	CALU	ENST00000449187.2	2.58552164655784	1853	1773	1772	825	824	-584	80	947	1408
chr7	128410046	CALU	ENST00000535011.2	2.37683592110785	1724	1573	1572	898	897	-1485	151	674	2382
chr7	128410046	CALU	ENST00000535623.1	2.51039260969977	2933	1991	1990	1547	1546	-1484	942	443	3030
chr7	128410046	CALU	ENST00000538546.1	2.35729753139887	1498	1320	1319	825	824	-1484	178	494	2308
chr7	128410046	CALU	ENST00000542996.2	2.35714285714286	2739	1797	1796	825	824	-1485	942	971	2309
chr7	134127419	AKR1B1	ENST00000285930.4	2.16137566137566	1091	1012	1011	61	60	-317	79	950	377
chr8	6615769	AGPAT5	ENST00000285518.6	2.37802197802198	2266	1955	1954	860	859	-1415	311	1094	2274
chr8	17402105	SLC7A2	ENST00000004531.10	1.30615164520744	689	642	641	-1455	-1456	-6870	47	2096	5414
chr8	17402105	SLC7A2	ENST00000398090.3	1.30659025787966	689	642	641	-1452	-1453	-6867	47	2093	5414
chr8	17402105	SLC7A2	ENST00000470360.1	1.30659025787966	758	642	641	-1452	-1453	-6879	116	2093	5426
chr8	17402105	SLC7A2	ENST00000494857.1	1.26403641881639	739	522	521	-1455	-1456	-6882	217	1976	5426
chr8	17402105	SLC7A2	ENST00000522656.1	1.26403641881639	690	522	521	-1455	-1456	-1583	168	1976	127
chr8	17424266	SLC7A2	ENST00000004531.10	2.29750692520776	3755	3708	3707	1611	1610	-3804	47	2096	5414
chr8	17424266	SLC7A2	ENST00000398090.3	2.29750692520776	3752	3705	3704	1611	1610	-3804	47	2093	5414
chr8	17424266	SLC7A2	ENST00000470360.1	2.29684908789386	3821	3705	3704	1611	1610	-3816	116	2093	5426
chr8	17424266	SLC7A2	ENST00000494857.1	2.29684908789386	3805	3588	3587	1611	1610	-3816	217	1976	5426
chr8	17743036	FGL1	ENST00000381840.2	1.02981895633653	224	28	27	-911	-912	-1110	196	938	198
chr8	17743036	FGL1	ENST00000381841.2	1.02981895633653	263	28	27	-911	-912	-1110	235	938	198
chr8	17743036	FGL1	ENST00000398054.1	1.02981895633653	351	28	27	-911	-912	-1110	323	938	198
chr8	17743036	FGL1	ENST00000398056.2	1.02981895633653	843	28	27	-911	-912	-1123	815	938	211
chr8	17743036	FGL1	ENST00000427924.1	1.02981895633653	136	28	27	-911	-912	-1110	108	938	198
chr8	17743036	FGL1	ENST00000518650.1	1.02981895633653	173	28	27	-911	-912	-919	145	938	7
chr8	17743036	FGL1	ENST00000522444.1	1.02981895633653	252	28	27	-911	-912	-1114	224	938	202
chr8	19677913	INTS10	ENST00000397977.3	1.15236755743085	722	325	324	-1808	-1809	-2081	397	2132	272
chr8	57873900	IMPAD1	ENST00000262644.4	2.41843003412969	3790	3532	3531	2452	2451	-3408	258	1079	5859
chr8	64123458	YTHDF3	ENST00000517371.1	2.43592552026287	1576	1353	1352	1194	1193	-1545	223	158	2738
chr8	64123458	YTHDF3	ENST00000539294.1	2.38741077222583	3264	2949	2948	1194	1193	-1888	315	1754	3081
chr8	64123458	YTHDF3	ENST00000542911.2	2.38778824293602	3204	2382	2381	1194	1193	-1885	822	1187	3078
chr8	95802798	DPY19L4	ENST00000414645.2	2.1681100356597	2930	2832	2831	660	659	-3266	98	2171	3925
chr8	101932006	YWHAZ	ENST00000353245.3	2.4559043348281	1736	1653	1652	915	914	-1092	83	737	2006
chr8	101932006	YWHAZ	ENST00000395956.3	2.45522388059702	1878	1653	1652	915	914	-1095	225	737	2009
chr8	101932006	YWHAZ	ENST00000395957.2	2.21952975047985	1994	1653	1652	915	914	-3253	341	737	4167
chr8	101932006	YWHAZ	ENST00000395958.2	2.43282876064333	1864	1653	1652	915	914	-1199	211	737	2113
chr8	101932006	YWHAZ	ENST00000457309.1	2.43282876064333	1807	1653	1652	915	914	-1199	154	737	2113
chr8	101932090	YWHAZ	ENST00000353245.3	2.41405082212257	1652	1569	1568	831	830	-1176	83	737	2006
chr8	101932090	YWHAZ	ENST00000395956.3	2.4134328358209	1794	1569	1568	831	830	-1179	225	737	2009
chr8	101932090	YWHAZ	ENST00000395957.2	2.19937619961612	1910	1569	1568	831	830	-3337	341	737	4167
chr8	101932090	YWHAZ	ENST00000395958.2	2.39309366130558	1780	1569	1568	831	830	-1283	211	737	2113
chr8	101932090	YWHAZ	ENST00000457309.1	2.39309366130558	1723	1569	1568	831	830	-1283	154	737	2113
chr8	101932090	YWHAZ	ENST00000521309.1	2.96180555555556	1365	1209	1208	831	830	-33	156	377	863
chr8	101932090	YWHAZ	ENST00000522542.1	2.96180555555556	1360	1344	1343	831	830	-33	16	512	863
chr8	103217553	RRM2B	ENST00000251810.3	2.77334067749931	4107	3864	3863	2808	2807	-823	243	1055	3630
chr8	103846968	AZIN1	ENST00000337198.5	1.43949517446177	1755	592	591	-755	-756	-2965	1163	1346	2209
chr8	103846968	AZIN1	ENST00000347770.4	1.43949517446177	1357	592	591	-755	-756	-1499	765	1346	743
chr8	117875450	RAD21	ENST00000297338.2	1.10179324894515	480	193	192	-1703	-1704	-3268	287	1895	1564
chr8	119122857	EXT1	ENST00000378204.2	1.19143239625167	1235	429	428	-1812	-1813	-7034	806	2240	5221
chr8	141297807	TRAPPC9	ENST00000389327.3	1.54210526315789	1987	1854	1853	-1566	-1567	-2284	133	3419	717
chr8	141297807	TRAPPC9	ENST00000389328.4	1.58139534883721	2189	2175	2174	-1566	-1567	-2284	14	3740	717
chr8	141297807	TRAPPC9	ENST00000438773.2	1.54569190600522	2014	1881	1880	-1566	-1567	-2282	133	3446	715
chr8	145002139	PLEC	ENST00000322810.4	1.26275346851654	3862	3693	3692	-10362	-10363	-11386	169	14054	1023
chr8	145002139	PLEC	ENST00000345136.3	1.240545294635	3410	3282	3281	-10362	-10363	-11386	128	13643	1023
chr8	145002139	PLEC	ENST00000354589.3	1.240545294635	3349	3282	3281	-10362	-10363	-11386	67	13643	1023
chr8	145002139	PLEC	ENST00000354958.2	1.23685373398144	3364	3216	3215	-10362	-10363	-11386	148	13577	1023
chr8	145002139	PLEC	ENST00000356346.3	1.23820026466696	3296	3240	3239	-10362	-10363	-11386	56	13601	1023
chr8	145002139	PLEC	ENST00000357649.2	1.24121265377856	3302	3294	3293	-10362	-10363	-11386	8	13655	1023
chr8	145002139	PLEC	ENST00000398774.2	1.23516386182462	3259	3186	3185	-10362	-10363	-11386	73	13547	1023
chr8	145002139	PLEC	ENST00000436759.2	1.24502732240437	3400	3363	3362	-10362	-10363	-11386	37	13724	1023
chr8	145007415	PLEC	ENST00000322810.4	1.12657417289221	1948	1779	1778	-12276	-12277	-13300	169	14054	1023
chr8	145007415	PLEC	ENST00000345136.3	1.10026385224274	1496	1368	1367	-12276	-12277	-13300	128	13643	1023
chr8	145007415	PLEC	ENST00000354589.3	1.10026385224274	1435	1368	1367	-12276	-12277	-13300	67	13643	1023
chr8	145007415	PLEC	ENST00000354958.2	1.0958904109589	1450	1302	1301	-12276	-12277	-13300	148	13577	1023
chr8	145007415	PLEC	ENST00000356346.3	1.09748566387296	1382	1326	1325	-12276	-12277	-13300	56	13601	1023
chr8	145007415	PLEC	ENST00000357649.2	1.10105448154657	1388	1380	1379	-12276	-12277	-13300	8	13655	1023
chr8	145007415	PLEC	ENST00000398774.2	1.09388839681134	1345	1272	1271	-12276	-12277	-13300	73	13547	1023
chr8	145007415	PLEC	ENST00000436759.2	1.1055737704918	1486	1449	1448	-12276	-12277	-13300	37	13724	1023
chr8	145150084	CYC1	ENST00000318911.4	1.0838445807771	154	82	81	-896	-897	-1085	72	977	188
chr9	33112567	B4GALT1	ENST00000379731.4	2.31416400425985	2268	2082	2081	885	884	-1932	186	1196	2816
chr9	34616084	DCTN3	ENST00000259632.7	1.52584670231729	310	295	294	-266	-267	-497	15	560	230
chr9	34616084	DCTN3	ENST00000341694.2	1.55555555555556	304	295	294	-236	-237	-594	9	530	357
chr9	34616084	DCTN3	ENST00000378913.2	1.68764568764569	311	295	294	-134	-135	-639	16	428	504
chr9	34616084	DCTN3	ENST00000447983.2	2.46822033898305	2119	2066	2065	1547	1546	-1757	53	518	3303
chr9	34616084	DCTN3	ENST00000477738.2	1.55555555555556	298	295	294	-236	-237	-414	3	530	177
chr9	79001092	RFK	ENST00000376736.1	2.64984059511158	2024	1691	1690	1223	1222	-659	333	467	1881
chr9	96327606	FAM120A	ENST00000277165.6	2.50031908104659	4334	4141	4140	784	783	-783	193	3356	1566
chr9	96327606	FAM120A	ENST00000333936.5	2.49777777777778	4249	4225	4224	784	783	-791	24	3440	1574
chr9	96327606	FAM120A	ENST00000340893.4	2.49777777777778	4027	4003	4002	784	783	-791	24	3218	1574
chr9	127074876	NEK6	ENST00000320246.5	1.19002123142251	323	179	178	-763	-764	-3123	144	941	2359
chr9	127074876	NEK6	ENST00000373600.3	1.26915708812261	495	281	280	-763	-764	-3123	214	1043	2359
chr9	127074876	NEK6	ENST00000373603.1	1.19002123142251	323	179	178	-763	-764	-3123	144	941	2359
chr9	127074876	NEK6	ENST00000394199.2	1.26915708812261	490	281	280	-763	-764	-2254	209	1043	1490
chr9	127074876	NEK6	ENST00000539416.1	1.24975417895772	327	254	253	-763	-764	-2254	73	1016	1490
chr9	127074876	NEK6	ENST00000540326.1	1.23393574297189	323	233	232	-763	-764	-2254	90	995	1490
chr9	127074876	NEK6	ENST00000545174.1	1.19002123142251	318	179	178	-763	-764	-2254	139	941	1490
chr9	127074876	NEK6	ENST00000546191.1	1.19002123142251	325	179	178	-763	-764	-2254	146	941	1490
chr9	128322026	MAPKAP1	ENST00000265960.3	1.46781389420013	1066	734	733	-835	-836	-2328	332	1568	1492
chr9	128322026	MAPKAP1	ENST00000350766.3	1.50239561943874	1035	734	733	-727	-728	-2220	301	1460	1492
chr9	128322026	MAPKAP1	ENST00000373498.1	1.46781389420013	802	734	733	-835	-836	-2328	68	1568	1492
chr9	128322026	MAPKAP1	ENST00000373503.3	1.15911379657603	716	158	157	-835	-836	-2328	558	992	1492
chr9	128322026	MAPKAP1	ENST00000373511.2	1.5140056022409	1063	734	733	-694	-695	-2188	329	1427	1493
chr9	128322026	MAPKAP1	ENST00000394060.3	1.75514403292181	1063	734	733	-238	-239	-522	329	971	283
chr9	128322026	MAPKAP1	ENST00000394063.1	1.15911379657603	648	158	157	-835	-836	-2328	490	992	1492
chr9	130268756	FAM129B	ENST00000373312.3	2.24500665778961	2822	2609	2608	368	367	-1134	213	2240	1501
chr9	130268756	FAM129B	ENST00000373314.3	2.24435590969455	2621	2570	2569	368	367	-1138	51	2201	1505
chr9	131133680	URM1	ENST00000372847.1	1.109375	30	21	20	-171	-172	-722	9	191	550
chr9	131133680	URM1	ENST00000372850.1	1.109375	40	21	20	-171	-172	-3004	19	191	2832
chr9	131133680	URM1	ENST00000372853.4	1.06862745098039	82	21	20	-285	-286	-1285	61	305	999
chr9	131133680	URM1	ENST00000452446.1	1.04761904761905	82	21	20	-420	-421	-1643	61	440	1222
chr9	131191105	CERCAM	ENST00000372838.4	1.53467561521253	1353	956	955	-832	-833	-1331	397	1787	498
chr9	131191105	CERCAM	ENST00000372842.1	1.46460746460746	3865	722	721	-832	-833	-1331	3143	1553	498
chrX	7270384	STS	ENST00000217961.4	2.45768300725434	4053	3834	3833	2082	2081	-2467	219	1751	4548
chrX	23697345	PRDX4	ENST00000379341.4	1.66176470588235	664	540	539	-276	-277	-340	124	815	63
chrX	47101007	USP11	ENST00000377107.2	1.39377488237423	1441	1088	1087	-1675	-1676	-2073	353	2762	397
chrX	54471639	TSR2	ENST00000375151.4	2.70010672358591	1252	1232	1231	656	655	-281	20	575	936
chrX	64960744	MSN	ENST00000360270.5	2.48575638506876	2894	2723	2722	989	988	-1047	171	1733	2035
chrX	77385465	TAF9B	ENST00000341864.5	2.88184747583244	2492	2398	2397	1642	1641	-220	94	755	1861
chrX	100666941	HNRNPH2	ENST00000316594.5	0.551282051282051	42	-35	-36	-1385	-1386	-2180	77	1349	794
chrX	100669055	HNRNPH2	ENST00000316594.5	2.91698113207547	2156	2079	2078	729	728	-66	77	1349	794
chrX	106894140	PRPS1	ENST00000372435.4	2.88329979879276	1956	1835	1834	878	877	-116	121	956	993
chrX	118377501	PGRMC1	ENST00000217971.7	2.23432343234323	982	872	871	284	283	-928	110	587	1211
chrX	118377501	PGRMC1	ENST00000535419.1	2.23451692815855	754	716	715	284	283	-927	38	431	1210
chrX	123211816	STAG2	ENST00000218089.9	1.70475439978986	3192	2683	2682	-1124	-1125	-2025	509	3806	900
chrX	123211816	STAG2	ENST00000371144.3	1.72591991341991	2962	2683	2682	-1013	-1014	-1318	279	3695	304
chrX	123211816	STAG2	ENST00000371145.3	1.70475439978986	2963	2683	2682	-1124	-1125	-1429	280	3806	304
chrX	123211816	STAG2	ENST00000371157.3	1.72591991341991	2918	2683	2682	-1013	-1014	-3072	235	3695	2058
chrX	123211816	STAG2	ENST00000371160.1	1.72591991341991	2972	2683	2682	-1013	-1014	-3072	289	3695	2058
chrX	128726344	OCRL	ENST00000357121.5	2.91532082060236	4943	4779	4778	2097	2096	-194	164	2681	2290
chrX	128726344	OCRL	ENST00000371113.4	2.91532082060236	4967	4803	4802	2097	2096	-194	164	2705	2290
chrX	135292671	FHL1	ENST00000345434.3	2.39715302491103	1610	1530	1529	558	557	-847	80	971	1404
chrX	135292671	FHL1	ENST00000370683.1	2.36506746626687	1717	1378	1377	487	486	-847	339	890	1333
chrX	135292671	FHL1	ENST00000370690.3	2.36506746626687	1593	1330	1329	487	486	-847	263	842	1333
chrX	135292671	FHL1	ENST00000394153.2	2.36506746626687	1526	1330	1329	487	486	-847	196	842	1333
chrX	135292671	FHL1	ENST00000394155.2	2.39715302491103	1858	1530	1529	558	557	-847	328	971	1404
chrX	135292671	FHL1	ENST00000535737.1	2.36506746626687	1589	1330	1329	487	486	-847	259	842	1333
chrX	135292671	FHL1	ENST00000539015.1	2.36506746626687	1465	1417	1416	487	486	-847	48	929	1333
chrX	135292671	FHL1	ENST00000543669.1	2.36506746626687	2040	1330	1329	487	486	-847	710	842	1333
chrX	135292988	FHL1	ENST00000345434.3	2.62277580071174	1927	1847	1846	875	874	-530	80	971	1404
chrX	135292988	FHL1	ENST00000370683.1	2.60269865067466	2034	1695	1694	804	803	-530	339	890	1333
chrX	135292988	FHL1	ENST00000370690.3	2.60269865067466	1910	1647	1646	804	803	-530	263	842	1333
chrX	135292988	FHL1	ENST00000394153.2	2.60269865067466	1843	1647	1646	804	803	-530	196	842	1333
chrX	135292988	FHL1	ENST00000394155.2	2.62277580071174	2175	1847	1846	875	874	-530	328	971	1404
chrX	135292988	FHL1	ENST00000535737.1	2.60269865067466	1906	1647	1646	804	803	-530	259	842	1333
chrX	135292988	FHL1	ENST00000539015.1	2.60269865067466	1782	1734	1733	804	803	-530	48	929	1333
chrX	135292988	FHL1	ENST00000543669.1	2.60269865067466	2357	1647	1646	804	803	-530	710	842	1333
chrX	152960066	SLC6A8	ENST00000253122.5	1.82494758909853	2049	1574	1573	-334	-335	-1713	475	1907	1378
chrX	152960066	SLC6A8	ENST00000430077.2	1.78630838131798	1444	1229	1228	-334	-335	-447	215	1562	112
chrX	152966032	BCAP31	ENST00000345046.6	2.81818181818182	1508	1101	1100	360	359	-80	407	740	439
chrX	152966032	BCAP31	ENST00000441714.1	2.80898876404494	1327	1101	1100	360	359	-85	226	740	444
chrX	152966032	BCAP31	ENST00000458587.2	2.82191780821918	1731	1302	1301	360	359	-78	429	941	437
chrX	153052355	IDH3G	ENST00000217901.5	1.69796954314721	1021	825	824	-357	-358	-463	196	1181	105
chrX	153052355	IDH3G	ENST00000370092.3	1.72178477690289	1010	825	824	-318	-319	-701	185	1142	382
chrX	153052355	IDH3G	ENST00000370093.1	1.80645161290323	879	825	824	-198	-199	-782	54	1022	583
chrX	153052355	IDH3G	ENST00000427365.2	1.671826625387	856	651	650	-318	-319	-669	205	968	350
chrX	153994237	DKC1	ENST00000369550.5	1.14692556634304	436	227	226	-1318	-1319	-2140	209	1544	821
